demos: (120, 50, 11)
demo_rewards: (120,)
[-50.0022206  -48.82373914 -47.15605336 -46.19619105 -45.59422709
 -45.36842966 -45.19068756 -44.1649084  -44.07830313 -43.99355529
 -43.86306534 -43.84874807 -43.84199129 -43.80638567 -43.80581986
 -42.75947674 -42.66316469 -42.33177225 -41.77496339 -41.41006807
 -41.17786296 -40.72352042 -40.52718976 -40.49595848 -40.42938988
 -40.05653451 -39.59232358 -39.54162101 -39.19523747 -39.17238958
 -38.51095963 -38.44726577 -38.39210704 -38.0074535  -37.46482489
 -37.10988161 -34.27116724 -34.14139118 -33.26307273 -33.13344797
 -33.07825234 -33.03213148 -32.44934973 -32.40079781 -32.40063926
 -30.73440379 -30.57151372 -30.1312365  -29.99326723 -29.66908259
 -29.29723351 -29.28889042 -29.14587835 -28.49601894 -28.49202366
 -28.31596147 -27.12111057 -26.0645326  -25.52052428 -25.27101421
 -25.06664428 -24.92584938 -24.18810567 -23.48479966 -23.15394356
 -22.9547303  -22.74124885 -22.73927354 -22.26494505 -22.15569724
 -21.05592093 -20.54335656 -20.33499634 -20.18157658 -19.5814441
 -19.37722575 -19.24313562 -19.06062023 -18.96412452 -18.44896231
 -17.74072202 -16.8588937  -16.33811941 -14.53589256 -14.44367057
 -14.20041301 -13.93697618 -13.86225304 -13.48309853 -13.45589275
 -13.35586828 -12.27851524 -12.22738746 -12.02071783 -11.9100948
 -11.40028402 -11.13461816 -10.85916692  -9.59513796  -9.28992161
  -8.23087707  -7.88236324  -7.64789842  -7.45962324  -7.12435731
  -7.05379066  -6.8530911   -6.62113845  -6.49455522  -6.11735418
  -6.0870551   -5.43500832  -5.10529174  -4.62864941  -4.47103119
  -4.45550478  -4.28054982  -3.79447357  -2.95124385  -2.54161816]
maximum traj length 50
num training_obs 1800
num training_labels 1800
num val_obs 200
num val_labels 200
ModuleList(
  (0): Linear(in_features=11, out_features=128, bias=True)
  (1): Linear(in_features=128, out_features=64, bias=True)
  (2): Linear(in_features=64, out_features=1, bias=False)
)
Total number of parameters: 9856
Number of trainable paramters: 9856
device: cuda:0
end of epoch 0: val_loss 0.3018685496618855, val_acc 0.855
trigger times: 0
saving model weights...
Weights: OrderedDict([('fcs.0.weight', tensor([[-3.6116e-02, -1.6504e-01, -7.5107e-02,  ..., -1.9087e-02,
         -6.0803e-02,  2.6653e-42],
        [ 3.1101e-02, -2.7078e-02, -9.8512e-02,  ..., -1.3137e-02,
         -2.2395e-02,  2.3822e-43],
        [ 5.6908e-02,  5.0460e-02, -5.2082e-02,  ..., -3.9620e-02,
         -1.2283e-02, -4.7924e-43],
        ...,
        [ 1.8390e-02,  1.0968e-02,  1.9879e-03,  ...,  5.7136e-06,
          1.3083e-05,  1.0496e-42],
        [-3.4907e-02,  9.8063e-02, -9.0064e-02,  ..., -7.8691e-02,
         -4.4995e-02, -2.2841e-42],
        [ 8.3590e-02,  7.9844e-02, -6.6335e-02,  ...,  2.1663e-02,
         -1.1822e-01, -9.8651e-43]], device='cuda:0')), ('fcs.0.bias', tensor([-0.3498, -0.2885, -0.1498, -0.2324, -0.3519, -0.2449, -0.2007, -0.1532,
        -0.3533, -0.1952, -0.2549, -0.1203, -0.2604, -0.2097, -0.2496, -0.1815,
        -0.2059, -0.2324, -0.3115, -0.1579, -0.2450, -0.1592, -0.2385, -0.1953,
        -0.1492, -0.2282, -0.3033, -0.1804, -0.1106, -0.2696, -0.0755, -0.2995,
        -0.1765, -0.2975, -0.1250, -0.2017, -0.3863, -0.3367, -0.2330, -0.0841,
        -0.1729, -0.1751, -0.2083, -0.1913, -0.2035, -0.3619, -0.3946, -0.2297,
        -0.3383, -0.3512, -0.2109, -0.0953, -0.3722, -0.2256, -0.1067, -0.2290,
        -0.2564, -0.2689, -0.1756, -0.2781, -0.1787, -0.0710, -0.3056, -0.2277,
        -0.1181, -0.0921, -0.2010, -0.3225, -0.2511, -0.3563, -0.1719, -0.1669,
        -0.1387, -0.1134, -0.0981, -0.1842, -0.2935, -0.2573, -0.2737, -0.3073,
        -0.1572, -0.1684, -0.2486, -0.2526, -0.1657,  0.0177, -0.0333, -0.3786,
        -0.1814, -0.4308, -0.2452, -0.3998, -0.1209, -0.2029, -0.3397, -0.1898,
        -0.1630, -0.1910, -0.0646, -0.0370, -0.1283, -0.1923, -0.2723, -0.1867,
        -0.2940, -0.1927, -0.1537, -0.0992, -0.0944, -0.1878, -0.1715, -0.2066,
        -0.0968, -0.2031, -0.5598, -0.2537, -0.1782, -0.1327, -0.3534, -0.2402,
        -0.1418, -0.2047, -0.2335, -0.2149, -0.2667, -0.0507, -0.1925, -0.3192],
       device='cuda:0')), ('fcs.1.weight', tensor([[-2.9968e-03, -1.8115e-03, -2.5986e-03,  ..., -7.4369e-06,
         -3.2615e-03, -1.3890e-02],
        [-1.8401e-02, -1.0092e-01,  5.0388e-03,  ...,  4.5042e-04,
         -2.2893e-02, -3.9309e-02],
        [-2.7774e-03, -3.8100e-05, -6.2458e-03,  ...,  7.7103e-06,
         -2.1579e-02,  1.6248e-03],
        ...,
        [ 6.2461e-03, -2.8574e-02, -1.7169e-02,  ..., -5.7670e-06,
          1.8302e-02,  1.2286e-01],
        [-1.4957e-02, -8.3948e-02, -4.0163e-03,  ...,  2.3283e-05,
         -1.6221e-02, -2.8376e-02],
        [-5.4472e-03, -2.0662e-02,  8.1956e-03,  ...,  2.8003e-04,
         -1.5161e-02, -5.6041e-03]], device='cuda:0')), ('fcs.1.bias', tensor([-0.0241, -0.0525, -0.1216, -0.6392, -0.3953, -0.0421, -0.2416, -0.0373,
        -0.0304, -0.1184, -0.2133, -0.0225, -0.0420,  0.6262, -0.0059, -0.2886,
        -0.0501, -0.0007, -0.1371, -0.0895, -0.1341, -0.0190, -0.0364, -0.1223,
        -0.0754, -0.0612, -0.1217, -0.0148, -0.1246, -0.1348, -0.1951, -0.0776,
        -0.0042, -0.2223, -0.0446, -0.0117, -0.0863, -0.0585,  0.2203, -0.0314,
        -0.0246, -0.0199, -0.2102, -0.1570, -0.0936, -0.0947, -0.0359, -0.0101,
        -0.0199, -0.0164, -0.0159, -0.5187, -0.0359, -0.0432, -0.1066,  0.0139,
        -0.0794, -0.2432, -0.0276,  0.5386, -0.1744, -0.3510, -0.0448, -0.0123],
       device='cuda:0')), ('fcs.2.weight', tensor([[-1.7969e-03,  5.0721e-02,  8.6149e-03,  5.9669e-02, -9.3050e-02,
         -2.1427e-02,  2.7783e-01, -3.9988e-02,  1.2814e-03,  1.5333e-03,
          1.3524e-03,  3.3403e-03,  4.8702e-03,  6.7830e-02,  2.4610e-02,
         -1.0539e-01,  8.2447e-05,  6.1629e-04,  7.4636e-03, -2.6897e-02,
         -1.9432e-02,  7.1473e-03,  3.3626e-02, -5.7193e-02, -3.0206e-02,
          6.1937e-02,  1.0534e-02,  4.8588e-03,  4.2152e-04, -1.6687e-02,
          1.5059e-01, -5.0305e-04,  2.2015e-04,  1.1189e-01,  1.4427e-02,
          8.3313e-04, -6.5852e-02,  2.1183e-03, -5.0161e-03,  5.1009e-03,
          9.8300e-04, -2.7769e-02,  3.2519e-02, -1.0971e-03,  7.7034e-02,
         -1.4030e-02,  1.6245e-02, -2.6865e-03,  1.0817e-03, -3.8008e-03,
          3.1410e-01,  1.9969e-02,  1.3638e-01,  1.1824e-01,  9.1469e-02,
          6.3899e-04, -9.1509e-03,  5.9878e-02,  3.3364e-02,  2.4345e-01,
          5.1754e-02, -1.0633e-02,  2.5263e-02,  2.4924e-03]], device='cuda:0'))])
end of epoch 1: val_loss 0.3381593028340296, val_acc 0.84
trigger times: 1
end of epoch 2: val_loss 0.24489471888758588, val_acc 0.875
trigger times: 0
saving model weights...
Weights: OrderedDict([('fcs.0.weight', tensor([[ 7.1838e-02,  1.7739e-01, -2.5525e-02,  ..., -2.0260e-02,
          2.2322e-02, -8.3503e-42],
        [ 3.9841e-02,  6.7139e-02, -6.5993e-02,  ..., -7.5193e-03,
         -8.1270e-03, -1.2542e-42],
        [-2.2894e-02, -7.3630e-02,  1.5761e-02,  ...,  1.2933e-02,
          1.7199e-02,  2.6653e-42],
        ...,
        [-2.1437e-02,  2.0580e-01, -1.4198e-01,  ...,  1.3901e-02,
         -1.2985e-02,  2.7437e-42],
        [ 2.3569e-02,  4.5062e-03,  1.4822e-01,  ...,  1.2508e-02,
          2.4514e-02, -2.2617e-42],
        [ 5.5581e-02,  2.7545e-03,  3.8555e-02,  ..., -1.8636e-04,
         -1.3235e-03, -2.6232e-42]], device='cuda:0')), ('fcs.0.bias', tensor([-0.0280, -0.1125, -0.1104, -0.2033, -0.2142, -0.0689, -0.2192, -0.1213,
        -0.2762, -0.2275, -0.1237, -0.5008, -0.2668, -0.2766, -0.2028, -0.1393,
        -0.3108, -0.0857, -0.3182, -0.3997, -0.2238, -0.2300, -0.3417, -0.2301,
        -0.2995, -0.1226, -0.2729, -0.2054, -0.2406, -0.1121, -0.1300, -0.0196,
        -0.1173, -0.1396, -0.1789, -0.4005, -0.2865, -0.5665, -0.2145, -0.3308,
        -0.3484, -0.2971, -0.0624, -0.0844, -0.2450, -0.5136, -0.2905, -0.2468,
        -0.1876, -0.1850, -0.0452, -0.2086, -0.1389, -0.1831, -0.3458, -0.2123,
        -0.3405, -0.2921, -0.3875, -0.0897, -0.1954, -0.2191, -0.0872, -0.1376,
        -0.2264, -0.2213, -0.1936, -0.3099, -0.2986, -0.0045, -0.2346, -0.0847,
        -0.1963, -0.4791, -0.3289, -0.3355, -0.2336, -0.2170, -0.4851, -0.3853,
        -0.2723, -0.2599, -0.4559, -0.2992, -0.2363, -0.3032, -0.4020, -0.1571,
        -0.5244, -0.1850, -0.2288, -0.2566, -0.2902, -0.2371, -0.2258, -0.2477,
         0.1590, -0.3135, -0.2774, -0.0353, -0.1511, -0.1471, -0.3056, -0.3511,
        -0.0726, -0.1062, -0.2328, -0.2394, -0.3139, -0.2471, -0.3848, -0.0048,
        -0.4776, -0.1028, -0.0812, -0.3137, -0.3961, -0.3196, -0.1609, -0.2777,
        -0.1754, -0.2646, -0.2156, -0.3405, -0.1079, -0.2509, -0.2589, -0.2141],
       device='cuda:0')), ('fcs.1.weight', tensor([[-1.4243e-01,  4.5908e-02,  7.7054e-02,  ..., -2.4893e-02,
          2.1789e-02, -1.9081e-03],
        [ 1.9266e-02, -1.3681e-03,  6.7160e-03,  ...,  9.8492e-04,
          1.2013e-03, -4.1970e-04],
        [ 9.6261e-02,  7.7967e-03,  2.7285e-03,  ...,  3.6526e-03,
         -2.0693e-02, -5.6676e-04],
        ...,
        [ 1.0045e-03,  7.7739e-05,  2.9135e-04,  ...,  2.5623e-04,
          9.9531e-05,  1.8561e-04],
        [-1.3660e-01, -2.1073e-01, -3.0315e-02,  ..., -2.3636e-02,
         -2.4391e-01,  2.3507e-03],
        [ 1.0606e-04, -4.4441e-05,  2.7691e-05,  ...,  4.6477e-05,
         -3.9769e-05, -6.7410e-06]], device='cuda:0')), ('fcs.1.bias', tensor([-5.7891e-02, -1.0560e-01,  6.1316e-03, -1.2253e-02, -3.7263e-02,
        -4.0149e-01, -4.8887e-01, -2.0365e-01, -1.4302e-01, -7.5476e-02,
        -4.0719e-03, -6.6932e-02, -2.6036e-01,  5.6928e-01, -5.3280e-02,
        -7.2999e-02, -4.5830e-02, -5.2373e-01, -2.2450e-01, -5.9695e-02,
        -3.7531e-02, -2.6959e-02, -2.3652e-01, -1.4964e-01, -1.9478e-01,
        -5.6707e-02, -1.0393e-01, -1.8773e-01, -1.5120e-01, -2.6347e-01,
        -2.1988e-01, -3.8119e-02, -9.8288e-02, -3.0216e-03, -2.2535e-01,
        -4.4021e-04, -6.5861e-02, -1.4404e-02, -7.7764e-02, -6.6540e-02,
        -1.1281e-02, -1.8150e-02, -1.0033e-01, -8.6190e-02, -6.9424e-02,
         3.4612e-02, -8.5948e-02, -3.2471e-02, -2.7050e-01, -1.6424e-01,
        -2.5076e-01, -8.0000e-03, -1.7436e-02, -7.1023e-02, -2.6496e-01,
        -2.8879e-01, -1.4789e-01, -8.9259e-02, -5.2491e-02,  7.0960e-01,
        -8.0924e-02, -8.9665e-04, -2.9917e-01, -1.5409e-04], device='cuda:0')), ('fcs.2.weight', tensor([[ 1.3224e-01,  1.0598e-02, -4.5958e-02,  7.1914e-03, -1.2287e-01,
         -3.9935e-02,  9.7024e-02, -1.6406e-02,  1.3718e-01,  2.8417e-02,
          2.4855e-03,  3.5470e-02,  2.4023e-02,  3.0435e-01,  2.0855e-02,
          1.2153e-01,  6.0942e-02,  1.0981e-02, -2.3257e-01,  2.4706e-02,
          1.7311e-02, -5.5646e-03,  8.8797e-02,  1.0106e-01, -9.6277e-05,
          8.2815e-02,  9.6236e-03,  1.9792e-02, -1.0099e-01, -1.1023e-02,
          1.9125e-01,  5.6921e-02,  5.3175e-02,  2.8990e-02,  1.4905e-01,
          5.1204e-05, -1.3640e-01, -1.1243e-03,  7.1668e-02,  1.5376e-02,
          5.3739e-03,  1.9956e-02,  8.3535e-02, -2.8561e-02,  1.2803e-02,
         -3.1466e-02,  1.1302e-01,  9.2160e-02, -9.6737e-02,  1.0597e-01,
          8.8186e-02, -1.8514e-03,  2.4510e-03,  1.0413e-02,  1.6141e-01,
          5.7219e-02, -2.6521e-02,  1.1763e-03,  8.4582e-02,  2.1432e-01,
         -2.7414e-02,  1.4424e-04, -5.4800e-02,  9.9106e-05]], device='cuda:0'))])
end of epoch 3: val_loss 0.40364580297225644, val_acc 0.8
trigger times: 1
end of epoch 4: val_loss 0.25906352541518574, val_acc 0.87
trigger times: 2
end of epoch 5: val_loss 0.30643149098512795, val_acc 0.855
trigger times: 3
end of epoch 6: val_loss 0.31335476754353153, val_acc 0.835
trigger times: 4
end of epoch 7: val_loss 0.2498385930834062, val_acc 0.86
trigger times: 5
end of epoch 8: val_loss 0.27179929120993035, val_acc 0.885
trigger times: 6
end of epoch 9: val_loss 0.3110542018872866, val_acc 0.87
trigger times: 7
end of epoch 10: val_loss 0.29704486300399113, val_acc 0.85
trigger times: 8
end of epoch 11: val_loss 0.31758854106374657, val_acc 0.825
trigger times: 9
end of epoch 12: val_loss 0.39523748255592034, val_acc 0.845
trigger times: 10
Early stopping.
0 -15.251588471233845 -50.00222059884506
1 -11.9945014026016 -48.823739140882175
2 -15.35979357175529 -47.15605336419176
3 -16.649800615385175 -46.19619104961985
4 -9.351672746241093 -45.594227093057754
5 -10.687957784160972 -45.36842966452394
6 -7.725060658529401 -45.19068756322445
7 -12.910370698198676 -44.16490839583478
8 -18.74460381269455 -44.078303125872196
9 -26.093742359429598 -43.993555290419714
10 -16.316336361691356 -43.86306534422809
11 -11.136811912059784 -43.84874807044028
12 -10.868526870384812 -43.84199129025074
13 -10.627760000526905 -43.806385671938365
14 -15.97552108578384 -43.80581985978556
15 -15.854104667901993 -42.7594767358323
16 -14.912651190534234 -42.66316468983175
17 -17.24580837599933 -42.33177224591743
18 -9.045111978426576 -41.774963389485094
19 -10.862098736688495 -41.410068073767725
20 -23.873496916145086 -41.17786296442943
21 -14.592994004487991 -40.723520424948155
22 -12.081591580063105 -40.527189756101116
23 -8.998543541878462 -40.49595848244517
24 -9.259761683642864 -40.429389880911344
25 -14.529930979013443 -40.05653450521898
26 -7.079075424000621 -39.59232357792555
27 -11.414369022473693 -39.54162101198148
28 -9.961637325584888 -39.195237471709476
29 -7.046768881380558 -39.172389579378766
30 -9.0410072831437 -38.51095963496708
31 -9.26469168253243 -38.447265769744824
32 -6.8359294310212135 -38.392107037026264
33 -15.078139944002032 -38.00745349944469
34 -10.953044900670648 -37.46482488602393
35 -11.224234197288752 -37.10988160586883
36 -5.998893925920129 -34.27116723637227
37 -16.015329010784626 -34.14139118114101
38 -6.931688344106078 -33.263072731706835
39 -8.54258175753057 -33.13344797200536
40 -6.3549730740487576 -33.07825234291984
41 -8.16604483127594 -33.0321314765637
42 -9.107269497588277 -32.44934973065406
43 -0.39468998089432716 -32.4007978120153
44 -7.4580009412020445 -32.40063925734975
45 -8.363941222429276 -30.734403792103194
46 -7.9071225337684155 -30.57151371770873
47 -9.19843066856265 -30.131236504472803
48 -8.450391137972474 -29.99326722619033
49 -10.773429026827216 -29.66908258985071
50 -5.72377547994256 -29.297233511513635
51 -10.939271269366145 -29.288890423975797
52 -7.638430513441563 -29.145878352769948
53 -9.438088377937675 -28.49601894351319
54 -8.618860766291618 -28.492023661124072
55 -4.814729241654277 -28.315961465855167
56 -5.487782375887036 -27.121110566589827
57 -5.497631365433335 -26.064532595535336
58 -6.940060885623097 -25.520524278341334
59 -5.965801775455475 -25.27101421179229
60 -8.308167312294245 -25.066644278800943
61 -7.339397914707661 -24.925849381327673
62 -5.902885491028428 -24.188105669766596
63 -5.986773677170277 -23.48479966198816
64 -5.546227598562837 -23.153943559703283
65 -7.244876496493816 -22.954730295117237
66 -7.3844701834023 -22.74124885266394
67 -3.1942737977951765 -22.739273544503753
68 -0.5499788708984852 -22.264945050603636
69 -6.730600940529257 -22.15569724300287
70 -4.670355431735516 -21.055920928583344
71 -3.553008910268545 -20.543356562348553
72 -6.536391727626324 -20.33499633836848
73 -6.559887703508139 -20.18157658281111
74 -2.387112946715206 -19.58144410477429
75 -7.837224077433348 -19.377225745334304
76 -4.002471360377967 -19.243135617403095
77 -5.0456488486379385 -19.060620225371707
78 -7.823621112853289 -18.964124524696246
79 -8.090967174619436 -18.448962308005108
80 -1.5361262951046228 -17.740722019993825
81 -1.8910637460649014 -16.85889369985028
82 -4.864948946982622 -16.3381194095591
83 -1.278640877455473 -14.535892564189266
84 -3.133931870572269 -14.443670567499144
85 -2.2929934058338404 -14.200413010108107
86 -7.227062551304698 -13.936976181618805
87 -2.296267814002931 -13.862253042167257
88 1.584489643573761 -13.483098530680483
89 3.5816994719207287 -13.455892754889845
90 0.9332876466214657 -13.355868275096913
91 3.643513835966587 -12.278515244993585
92 -1.1355071812868118 -12.227387460046547
93 -1.5364100406877697 -12.020717825467683
94 3.3875950798392296 -11.910094799877324
95 7.458327523898333 -11.400284019256157
96 0.9508182122372091 -11.134618158086587
97 1.8941800855100155 -10.859166921158222
98 2.0629128087311983 -9.595137958067907
99 5.483408065512776 -9.289921608799773
100 1.5561630451120436 -8.230877068641124
101 5.748242197558284 -7.882363241796725
102 3.200301729142666 -7.6478984168416355
103 2.643140790052712 -7.459623237418707
104 3.9426218923181295 -7.124357312750265
105 11.189703517593443 -7.05379065585803
106 4.097244277596474 -6.853091098326624
107 7.446148082613945 -6.6211384471641495
108 16.335288440808654 -6.494555224953677
109 2.907555416226387 -6.117354180737655
110 22.772581674158573 -6.087055095509873
111 12.921215421985835 -5.43500831968483
112 2.3112469017505646 -5.105291741614599
113 6.519583899527788 -4.628649413275992
114 12.722731243818998 -4.471031187897325
115 8.768757902085781 -4.455504779070034
116 20.23138778656721 -4.2805498188182405
117 13.462579001672566 -3.7944735717969627
118 5.967482331208885 -2.9512438456190186
119 4.552005431614816 -2.541618164765197
train accuracy: 0.8866666666666667
validation accuracy: 0.845
