demos: (120, 50, 13)
demo_rewards: (120,)
[-51.11086407 -49.11584688 -48.97455067 -48.8722857  -48.72375071
 -47.2425208  -44.96921644 -44.85812386 -44.46529881 -44.43890163
 -44.14921993 -43.75035245 -43.58405711 -43.39691285 -43.22343613
 -42.9211339  -42.65748859 -42.6023149  -42.32863806 -42.30445768
 -41.12283699 -40.75815407 -40.70441037 -40.03758738 -39.90846007
 -39.57032589 -39.31833047 -39.27893976 -39.11210375 -39.0792282
 -38.7342435  -38.46237505 -37.86129653 -37.30806553 -36.41283474
 -36.30795891 -36.12354063 -36.01221343 -35.76166082 -35.55804095
 -34.8333516  -34.24472332 -33.78094921 -32.94911634 -32.77451865
 -32.11238423 -31.53427075 -30.66780209 -30.40290221 -30.23366087
 -29.87212516 -29.40604135 -29.1352587  -28.84050982 -28.57862903
 -28.43871007 -28.43374877 -28.16728518 -27.92060294 -27.7391148
 -27.29994968 -26.75229479 -25.93903491 -25.92997211 -25.90184838
 -24.37443057 -24.18079375 -24.11517187 -23.99196367 -23.29102321
 -22.59530834 -22.40229356 -22.25673726 -21.7139277  -21.70254077
 -19.72288085 -19.26334551 -18.56975936 -18.11146126 -17.71205165
 -17.6663674  -17.58971226 -16.59087236 -16.36275632 -15.99253949
 -15.33818265 -14.68824709 -14.05563167 -13.91164962 -13.42778136
 -12.61940694 -12.22562907 -11.73504365 -10.78101609 -10.72946334
  -9.78594151  -9.77591752  -9.56682446  -9.19326137  -7.57539849
  -7.36244313  -7.10832736  -7.07294326  -6.95906356  -6.77694649
  -6.72206384  -6.71997062  -6.51820418  -5.61579673  -5.3472021
  -5.07848501  -5.02795798  -4.82757292  -4.63049542  -4.230832
  -4.03104862  -3.38446715  -3.3322555   -2.64166233  -1.91361965]
maximum traj length 50
num training_obs 1800
num training_labels 1800
num val_obs 200
num val_labels 200
ModuleList(
  (0): Linear(in_features=13, out_features=128, bias=True)
  (1): Linear(in_features=128, out_features=64, bias=True)
  (2): Linear(in_features=64, out_features=1, bias=False)
)
Training reward model from scratch...
Total number of parameters: 10112
Number of trainable paramters: 10112
device: cuda:1
end of epoch 0: val_loss 0.3957347516869267, val_acc 0.84
trigger times: 0
saving model weights...
Weights: OrderedDict([('fcs.0.weight', tensor([[-4.9875e-02,  2.1169e-01,  2.0095e-01,  ...,  3.4206e-42,
         -3.1029e-01, -3.2216e-01],
        [-6.2421e-02,  4.5910e-02, -1.0112e-01,  ..., -8.8842e-43,
          8.7135e-03,  1.1725e-02],
        [ 2.3057e-02, -3.5153e-02, -2.4394e-02,  ..., -1.5723e-42,
         -1.8450e-03,  9.9154e-06],
        ...,
        [-5.7891e-02,  1.2144e-01, -3.2195e-01,  ...,  1.4910e-42,
          4.7092e-02, -6.7843e-02],
        [ 5.5919e-02,  9.1091e-02, -2.2896e-01,  ...,  1.4574e-43,
          1.8648e-01, -4.9013e-01],
        [-5.3816e-02,  6.6355e-02, -9.2779e-02,  ..., -9.9492e-43,
         -4.5038e-02, -8.6905e-02]], device='cuda:1')), ('fcs.0.bias', tensor([-0.1098, -0.3900, -0.1029, -0.2413, -0.3157, -0.2322, -0.4010, -0.3656,
        -0.3691, -0.3607, -0.2972, -0.5732, -0.3425, -0.3096, -0.2537, -0.3172,
        -0.2937, -0.2692, -0.1837, -0.3513, -0.5803, -0.1275, -0.1112, -0.1335,
        -0.2937, -0.0646, -0.3272, -0.0736, -0.0120, -0.4101, -0.1335, -0.1771,
        -0.1943, -0.2035, -0.4299, -0.3033, -0.1881, -0.5073, -0.2038, -0.1363,
        -0.1113, -0.5453, -0.3417, -0.5641, -0.0820, -0.1470, -0.2711, -0.3387,
        -0.0836, -0.3633, -0.3631, -0.1188, -0.3456, -0.0990, -0.3487, -0.2305,
        -0.1598, -0.2420, -0.3563, -0.2507, -0.4544, -0.1947, -0.2578, -0.2953,
        -0.2099, -0.0471, -0.1373, -0.3406, -0.1303, -0.3177, -0.2439, -0.1123,
        -0.1210, -0.1869, -0.1830, -0.0716, -0.2379, -0.3080, -0.3110, -0.1122,
        -0.2748, -0.0552, -0.0647, -0.2601, -0.4322, -0.0809, -0.3335, -0.0909,
        -0.1996, -0.2339, -0.5642, -0.0446, -0.3434, -0.0403, -0.4173, -0.1835,
        -0.2324, -0.2512, -0.2108, -0.0816, -0.1425, -0.2713, -0.0625, -0.4031,
        -0.4435, -0.0266, -0.0229, -0.3369, -0.1944, -0.2702, -0.1645, -0.4099,
        -0.2731, -0.1144, -0.2970, -0.0774, -0.2553, -0.0688, -0.0220, -0.4011,
        -0.0873, -0.2337, -0.0564, -0.3494, -0.1569, -0.2132, -0.4310, -0.3175],
       device='cuda:1')), ('fcs.1.weight', tensor([[-2.8284e-03, -3.1135e-02,  1.3004e-02,  ...,  9.5504e-03,
         -1.4999e-02, -4.2615e-03],
        [ 1.5951e-04, -9.0721e-02,  2.5432e-04,  ..., -1.6694e-01,
         -2.2956e-01, -9.2621e-03],
        [-9.5497e-03, -4.7751e-02, -1.2453e-03,  ..., -1.2914e-02,
         -1.4367e-02, -1.0421e-02],
        ...,
        [ 9.8554e-03, -1.2217e-03, -1.4845e-05,  ..., -8.9232e-02,
         -1.9294e-02, -7.6415e-02],
        [-1.1814e-01, -6.3920e-03, -7.5320e-04,  ..., -2.9912e-02,
         -4.9522e-02, -5.4356e-02],
        [-1.0264e-03, -2.7814e-03, -3.3653e-04,  ..., -8.6396e-04,
          1.1928e-04,  1.5304e-02]], device='cuda:1')), ('fcs.1.bias', tensor([-0.0510, -0.4181, -0.1036, -0.0155, -0.3405, -0.0077, -0.0531, -0.0372,
        -0.0587, -0.1145, -0.3364, -0.4976, -0.0103, -0.0856, -0.0056, -0.3130,
        -0.3528, -0.0183, -0.0129, -0.4321, -0.0105, -0.0357, -0.0373, -0.0069,
        -0.0274, -0.0819, -0.5235, -0.2161, -0.3923, -0.1751, -0.0055, -0.0210,
        -0.0785, -0.0432, -0.7187, -0.0174, -0.3807, -0.0344, -0.4614, -0.0691,
        -0.0091,  0.1562, -0.0374, -0.3137, -0.1987, -0.1715, -0.0548, -0.0612,
        -0.1851,  0.4560, -0.3423,  0.3545, -0.0518, -0.0974,  0.9936, -0.1146,
        -0.1221, -0.0082, -0.0788, -0.0126, -0.0742,  0.2984, -0.1014, -0.0143],
       device='cuda:1')), ('fcs.2.weight', tensor([[-0.0166, -0.0091,  0.0512,  0.0002, -0.0441,  0.0035,  0.0835, -0.0440,
          0.0159,  0.0004,  0.1518, -0.0853,  0.0108, -0.0455,  0.0104,  0.1338,
         -0.0152,  0.0121,  0.0021, -0.0699,  0.0056,  0.0059,  0.0116, -0.0004,
          0.0024,  0.0639, -0.2068,  0.1811, -0.1095, -0.0006,  0.0164,  0.0129,
          0.0388,  0.0238,  0.1342,  0.0207,  0.1733,  0.0273,  0.1132,  0.0050,
          0.0015, -0.0439, -0.0080,  0.2041,  0.0444,  0.0323,  0.0136,  0.0244,
          0.0242,  0.1206, -0.0845,  0.1484,  0.0177, -0.0325,  0.2040,  0.0321,
          0.0224,  0.0007,  0.0622,  0.0110,  0.0145, -0.0238,  0.1139,  0.0027]],
       device='cuda:1'))])
end of epoch 1: val_loss 0.3672772490505843, val_acc 0.815
trigger times: 0
saving model weights...
Weights: OrderedDict([('fcs.0.weight', tensor([[ 7.4147e-02, -7.5687e-02, -1.7695e-01,  ...,  1.5512e-42,
         -3.0558e-02, -1.6415e-01],
        [-5.1422e-02, -1.1577e-01, -1.3746e-01,  ...,  2.5335e-42,
         -4.3105e-03,  8.5638e-03],
        [ 4.4588e-02,  6.7299e-03, -1.4079e-01,  ..., -1.2892e-42,
          2.7204e-04,  5.4529e-03],
        ...,
        [ 1.2444e-01, -2.2074e-02, -4.6893e-02,  ..., -2.0739e-42,
         -5.8293e-03, -4.9604e-02],
        [ 1.5095e-01,  1.7309e-03, -9.1949e-02,  ..., -2.4705e-42,
         -3.0806e-01, -4.6715e-01],
        [ 1.2625e-01,  2.3471e-02, -7.0046e-02,  ...,  8.1415e-43,
          1.1873e-02,  1.1242e-02]], device='cuda:1')), ('fcs.0.bias', tensor([-0.2394, -0.4617, -0.2272, -0.1575, -0.2960, -0.2926, -0.2833, -0.2345,
        -0.4066, -0.2341, -0.0065, -0.2311, -0.0510, -0.4000, -0.4536, -0.4679,
        -0.2707, -0.1844, -0.4779, -0.2838, -0.2462, -0.0057, -0.5649, -0.7784,
        -0.2425, -0.3499, -0.3529, -0.7972, -0.1985, -0.1743, -0.4014, -0.3056,
        -0.4926, -0.3029, -0.2880, -0.3826, -0.2498, -0.1202, -0.1761, -0.2467,
        -0.4585, -0.2882, -0.1835, -0.3010, -0.2456, -0.1574, -0.2367, -0.2062,
        -0.6784, -0.1367, -0.4414, -0.8342, -0.8811, -0.3337, -0.7081, -0.3716,
        -0.1622, -0.1163, -0.1869, -0.4977, -0.3146, -0.1426, -0.2559, -0.3828,
        -0.0805, -0.2075, -0.3731, -0.2870, -0.0096, -0.3094, -0.2321, -0.1874,
        -0.2770, -0.2097, -0.4039, -0.1188, -0.3211, -0.1900, -0.3171, -0.1784,
         0.0206, -0.3705, -0.0506, -0.1598, -0.3770, -0.1800, -0.4486, -0.0896,
        -0.2258, -0.4182, -0.1328, -0.2112, -0.1690,  0.0036, -0.0217, -0.3519,
        -0.7302, -0.4918, -0.3055, -0.2263, -0.4212, -0.4296, -0.4035,  0.0022,
        -0.3116,  0.3398, -0.5533, -0.0241, -0.2754, -0.2496, -0.2466, -0.3252,
        -0.0066, -0.2657, -0.2394, -0.2165, -0.0823, -0.2956, -0.5688, -0.3626,
        -0.1987, -0.2656, -0.6467, -0.1766, -0.0761, -0.3666, -0.1987, -0.3237],
       device='cuda:1')), ('fcs.1.weight', tensor([[-1.2424e-01,  5.4431e-02, -5.9489e-02,  ..., -9.9219e-02,
          1.2611e-01, -6.9880e-02],
        [-1.4764e-02,  1.1282e-04, -7.2380e-06,  ..., -6.7122e-03,
         -1.6510e-02, -7.2690e-04],
        [-4.4797e-02,  2.9430e-02,  1.0237e-02,  ..., -2.9800e-02,
         -5.0394e-02,  2.3474e-04],
        ...,
        [-1.7749e-02, -1.6276e-02, -2.2159e-04,  ..., -4.1584e-03,
          3.5341e-03, -1.3041e-02],
        [-5.2059e-02, -5.9909e-04, -8.5542e-03,  ...,  2.0570e-03,
         -5.8940e-02, -1.1042e-02],
        [-1.8381e-04,  7.4058e-05, -9.4490e-05,  ...,  8.8081e-04,
         -2.8981e-03, -1.6341e-04]], device='cuda:1')), ('fcs.1.bias', tensor([-7.9382e-02, -1.1572e-01, -3.6867e-01, -7.9459e-04, -4.6725e-01,
        -4.7551e-01, -1.3954e-01, -2.5816e-01, -1.1646e-01, -8.7040e-03,
        -1.7428e-01, -1.1805e-01, -2.5795e-01, -7.1159e-03, -2.0095e-01,
        -8.0767e-02, -9.6479e-02, -4.3467e-03, -2.0326e-01, -1.6805e-01,
        -1.2678e-02, -1.5911e-01, -1.8208e-02, -3.2278e-01, -1.7672e-03,
        -3.3918e-01, -6.5171e-01, -2.3865e-01, -9.0338e-02, -1.7281e-01,
        -8.2143e-03, -4.4795e-02, -2.9592e-01, -8.9587e-02, -3.0368e-01,
        -1.8446e-01, -3.0556e-01, -3.7781e-01, -2.2737e-01, -4.8369e-03,
        -2.9978e-02, -2.7369e-01, -9.2457e-03, -8.0715e-02, -5.5176e-02,
        -4.8498e-02, -3.1762e-03, -4.5405e-02,  1.6336e-02,  1.6529e-01,
        -2.4322e-01,  4.0461e-01, -2.0970e-01, -7.1034e-02,  1.3624e+00,
         6.6674e-03,  8.3722e-02, -5.1024e-02, -4.0412e-02, -1.9675e-01,
        -2.2497e-01, -2.9234e-02, -1.2829e-01, -1.6214e-03], device='cuda:1')), ('fcs.2.weight', tensor([[ 8.2619e-02,  7.6195e-03, -1.1055e-01,  1.6086e-04, -1.2094e-01,
          2.3102e-01, -4.1293e-02, -9.0641e-02, -3.3085e-03,  1.5150e-04,
          9.0066e-02,  5.1202e-03,  1.7835e-01,  4.7450e-04, -5.2154e-02,
          1.3891e-02, -8.9804e-02,  1.7890e-03, -1.3812e-01,  8.3197e-02,
         -1.7580e-02, -1.9839e-02, -1.1177e-02, -7.8834e-03,  1.5394e-03,
         -5.2564e-02,  2.2640e-01,  2.9548e-02, -6.2417e-03, -2.6448e-01,
          1.6852e-02,  4.8889e-02, -9.7980e-02,  2.0915e-02,  7.4971e-02,
          1.4763e-01, -1.7611e-01, -2.7037e-02,  4.0560e-02,  3.3007e-03,
         -4.6761e-03, -1.3960e-02,  3.4395e-03,  2.3361e-02, -9.5035e-04,
          8.3179e-03,  1.9046e-03,  2.0529e-02,  3.3865e-02,  1.1083e-01,
         -7.7931e-02,  4.2288e-02,  1.9179e-01, -2.8395e-02,  1.7269e-01,
         -2.9045e-04, -1.7764e-03,  1.4539e-01,  2.8278e-02, -1.1828e-02,
         -2.1265e-01,  1.1475e-02,  6.7333e-02, -4.0514e-04]], device='cuda:1'))])
end of epoch 2: val_loss 1.3324832194900387, val_acc 0.765
trigger times: 1
end of epoch 3: val_loss 0.5092526689078185, val_acc 0.81
trigger times: 2
end of epoch 4: val_loss 1.2941274732314005, val_acc 0.77
trigger times: 3
end of epoch 5: val_loss 0.25502101883526435, val_acc 0.87
trigger times: 0
saving model weights...
Weights: OrderedDict([('fcs.0.weight', tensor([[-9.6447e-02,  4.4715e-02, -1.4730e-01,  ..., -1.6772e-03,
         -1.9373e-02,  2.0904e-02],
        [ 4.9182e-02,  2.4523e-01,  2.4227e-01,  ...,  5.2915e-09,
          6.5871e-02, -8.3876e-02],
        [-3.8897e-02, -3.0084e-02, -3.0130e-02,  ..., -4.7237e-15,
         -5.7644e-03, -6.4506e-04],
        ...,
        [ 1.3832e-01,  7.0606e-02, -1.0642e-02,  ..., -1.2265e-14,
         -1.6044e-01, -1.8068e-01],
        [-2.1117e-02, -9.8576e-02,  5.5554e-02,  ..., -2.1750e-13,
         -2.9091e-02, -5.3844e-03],
        [-8.6294e-03,  4.6106e-03,  9.2787e-03,  ...,  6.8213e-17,
         -4.2330e-03, -1.5041e-02]], device='cuda:1')), ('fcs.0.bias', tensor([-3.7819e-01, -2.6237e-01, -2.6974e-01, -1.6549e-01, -4.2259e-01,
        -3.6069e-01, -1.9438e-01, -2.5015e-01, -2.4367e-01, -4.6939e-01,
        -5.2377e-02, -6.0097e-01, -3.8667e-02, -3.4894e-01, -4.6309e-01,
        -5.6964e-01, -2.5357e-01, -2.6566e-01, -5.9323e-01, -2.7243e-01,
        -1.1629e-01, -2.3013e-01, -3.9955e-01, -1.9928e-01, -4.6803e-01,
        -2.6725e-01, -3.2727e-01,  3.1794e-01, -4.0706e-01, -1.1654e-01,
        -2.5125e-01, -3.5499e-01, -2.0899e-01, -2.9681e-01, -3.1900e-01,
         9.4699e-02, -3.9588e-01, -3.9212e-01, -4.3074e-01, -2.5539e-01,
        -4.3334e-01, -1.0557e-01, -5.2206e-01, -3.4429e-01, -4.7608e-01,
        -2.7394e-01, -2.1335e-01, -1.2714e-01, -5.2566e-01, -2.5713e-01,
        -2.6410e-01, -1.6633e-04, -4.1634e-01, -1.6697e-01, -2.9517e-01,
        -2.8175e-01, -3.6030e-01, -2.0731e-01, -7.6741e-02, -4.5377e-01,
        -3.2208e-01, -4.3362e-01, -9.3485e-02, -2.7971e-01, -4.9773e-01,
        -3.9503e-01, -2.8925e-01, -4.0373e-01, -1.9544e-01, -2.5319e-01,
        -2.8828e-01, -4.3594e-01, -1.3156e-02, -1.6242e-01, -2.0891e-01,
        -4.2319e-01, -3.7924e-01, -3.7258e-01, -3.2082e-01, -6.1230e-01,
        -1.5351e-01, -2.0294e-01, -2.0493e-01, -1.9371e-01, -3.2252e-01,
         1.3466e-01, -3.3645e-01, -1.8567e-01, -1.9275e-01, -4.1431e-01,
        -5.5539e-02, -2.4830e-01, -5.0175e-01, -2.9136e-01, -5.2241e-01,
        -2.3393e-01, -2.9966e-01, -2.2954e-01, -3.5294e-01, -1.8360e-01,
        -3.6070e-01, -1.7228e-01, -3.0894e-01, -4.0793e-01, -2.3735e-01,
        -4.1342e-01, -1.0644e-01, -4.6882e-01, -4.0144e-01, -2.6278e-01,
        -3.1311e-01, -5.2791e-01, -3.2946e-01, -6.0799e-01, -1.5596e-01,
        -4.7146e-01, -2.8302e-01, -3.2356e-01, -4.6542e-01, -4.6984e-02,
        -2.2941e-01, -1.9769e-01,  1.3812e-01, -2.7331e-01, -2.6911e-01,
        -3.2241e-01, -2.3833e-01, -9.8921e-02], device='cuda:1')), ('fcs.1.weight', tensor([[ 1.9290e-02, -8.2249e-03, -2.4566e-03,  ...,  2.4587e-03,
          6.8119e-04, -7.5672e-03],
        [-1.4756e-01,  9.0420e-02, -3.7229e-02,  ...,  1.8281e-02,
         -1.7828e-01, -1.7094e-03],
        [-2.2827e-02, -5.2233e-02, -1.9465e-02,  ..., -3.1813e-03,
         -3.5628e-04,  1.2343e-03],
        ...,
        [-7.1751e-03, -2.3357e-03,  3.8817e-05,  ...,  7.7521e-03,
          1.2774e-04, -1.0864e-03],
        [ 1.3313e-01, -1.9999e-01,  6.5202e-03,  ...,  7.1572e-02,
         -3.3428e-02, -1.5493e-02],
        [-1.0211e-02, -5.2962e-04, -2.1570e-04,  ...,  3.4638e-03,
          5.2168e-04, -5.8337e-05]], device='cuda:1')), ('fcs.1.bias', tensor([-5.9642e-02,  7.2896e-01,  2.3113e-02, -5.3070e-05, -6.8685e-04,
         5.1010e-02, -6.0693e-02, -3.7565e-02,  3.3855e-03, -5.7925e-02,
        -4.3114e-02, -3.4316e-01, -4.3554e-03,  2.0298e-03, -3.2526e-01,
        -2.0599e-01, -1.4890e-02,  1.8845e-03, -1.8056e-01, -9.2094e-04,
        -1.3724e-02, -3.3786e-02, -2.1119e-01, -1.2144e-01, -9.9004e-02,
        -1.1576e-01, -8.3118e-03, -2.5008e-01, -2.8762e-02, -2.2482e-01,
        -1.8947e-01,  1.6908e-01, -3.3042e-01, -3.2425e-02, -3.5894e-01,
        -3.3933e-01, -1.8676e-01,  3.3174e-03, -2.3360e-01, -6.0096e-02,
        -2.3936e-01, -1.9399e-01, -2.0644e-02, -3.6947e-01, -2.1989e-01,
        -7.5379e-02,  3.0995e-04, -9.6756e-03, -2.4132e-01, -2.5502e-01,
        -9.4778e-02, -1.1856e-03, -5.3371e-03, -1.1201e-01,  1.1807e+00,
        -7.6671e-02, -8.8748e-02, -9.0856e-02, -3.9960e-01, -1.6382e-02,
         3.2998e-04, -1.0300e-03, -3.7527e-01, -1.4482e-03], device='cuda:1')), ('fcs.2.weight', tensor([[ 1.6332e-02,  1.2152e-02, -5.9581e-03, -1.4589e-02,  1.4775e-03,
          2.6646e-02,  6.3278e-02,  2.8487e-02, -8.2177e-04,  1.1136e-01,
         -1.5231e-02,  8.6213e-02, -5.4628e-03,  1.1357e-02, -2.2901e-01,
         -4.7545e-02,  6.8070e-03,  1.6779e-02,  4.1691e-02, -8.1062e-04,
          1.0127e-03, -1.2129e-02, -7.3191e-02,  1.1459e-01, -1.3835e-02,
          2.6569e-02, -9.0489e-03,  1.0738e-01, -3.5618e-02,  8.1506e-02,
          1.7318e-01,  9.1736e-02,  3.7213e-03, -1.7999e-03,  1.4482e-01,
         -8.0542e-02, -1.3958e-01, -8.1838e-03, -1.3836e-01, -4.7125e-03,
          2.4390e-01, -8.0360e-02,  2.7100e-02,  2.4392e-02,  5.9543e-02,
         -7.3601e-02, -1.0373e-03,  5.5305e-03, -9.5795e-02, -1.2590e-01,
          1.2228e-01, -6.5949e-03, -3.8384e-03, -2.5418e-02,  3.1614e-01,
          1.0302e-01,  2.0134e-02, -1.2948e-01,  1.3290e-01,  6.5937e-04,
         -1.8372e-03, -2.9634e-04,  2.5243e-01, -2.2474e-03]], device='cuda:1'))])
end of epoch 6: val_loss 0.30334062725648436, val_acc 0.865
trigger times: 1
end of epoch 7: val_loss 1.0335414666053813, val_acc 0.85
trigger times: 2
end of epoch 8: val_loss 0.3149017919449324, val_acc 0.83
trigger times: 3
end of epoch 9: val_loss 0.28429694418740853, val_acc 0.855
trigger times: 4
end of epoch 10: val_loss 0.2869140457404075, val_acc 0.86
trigger times: 5
end of epoch 11: val_loss 0.281514732539504, val_acc 0.89
trigger times: 6
end of epoch 12: val_loss 0.315981962821634, val_acc 0.855
trigger times: 7
end of epoch 13: val_loss 0.26534563333465483, val_acc 0.875
trigger times: 8
end of epoch 14: val_loss 0.2780711961408145, val_acc 0.86
trigger times: 9
end of epoch 15: val_loss 0.2718920364921178, val_acc 0.87
trigger times: 10
Early stopping.
0 -2.737258359324187 -51.11086407377863
1 -2.7992459470406175 -49.11584688036212
2 -5.259420728310943 -48.97455066650668
3 -6.6746347500011325 -48.87228569913625
4 -4.538682699203491 -48.723750706751915
5 -2.553916033357382 -47.242520801549375
6 -4.902942031621933 -44.969216444406115
7 -5.015248632058501 -44.85812386141036
8 -4.815472054295242 -44.465298807522004
9 -4.78445085324347 -44.438901626703945
10 -3.4843904180452228 -44.1492199315879
11 -1.6606981037184596 -43.750352447059115
12 -3.746734176762402 -43.58405711344297
13 -6.110293101519346 -43.39691284921414
14 -2.0035334145650268 -43.22343612991455
15 -2.6284588892012835 -42.92113389854083
16 -5.343942393548787 -42.65748859055198
17 -2.1968608209863305 -42.60231490040316
18 -2.0658779656514525 -42.3286380570152
19 -2.544281693175435 -42.30445768311566
20 -4.837136977352202 -41.12283699063089
21 -2.3884701111819595 -40.758154070747366
22 -2.8200207464396954 -40.70441036508885
23 -2.3934920830652118 -40.037587376429016
24 -3.375778284855187 -39.90846007278091
25 -5.552672600373626 -39.57032589487153
26 -1.6445075208321214 -39.31833047231749
27 -3.463786974432878 -39.27893976130787
28 -4.6803336795419455 -39.11210375046212
29 -3.321586702950299 -39.07922820344388
30 -4.23369356058538 -38.73424350253481
31 -2.1272675348445773 -38.46237505180561
32 -1.814570794813335 -37.86129653169397
33 -3.808986868709326 -37.308065525311996
34 -2.0698569733649492 -36.41283474392047
35 -3.3133763959631324 -36.307958906842664
36 -3.8232371881604195 -36.12354062747346
37 -2.963543139398098 -36.012213433621724
38 -1.2772660735063255 -35.76166081977253
39 -1.8988704830408096 -35.558040948837615
40 -3.031382856890559 -34.83335159619024
41 -2.894925924949348 -34.24472332102743
42 -1.2525768419727683 -33.78094921339959
43 -2.6879900190979242 -32.949116337767926
44 -2.942028096411377 -32.774518645207735
45 -2.426451829727739 -32.11238423004613
46 -1.57293885294348 -31.534270745249735
47 -3.349304672796279 -30.667802091332018
48 -1.1230027880519629 -30.402902212388465
49 -1.3354554437100887 -30.233660870125824
50 -2.7892130464315414 -29.87212515537898
51 -1.496013461612165 -29.40604134962864
52 -2.193763703107834 -29.13525869956722
53 -2.1416284888982773 -28.84050982317397
54 -1.3739113043993711 -28.578629026453186
55 -2.8245890038087964 -28.438710074595054
56 -0.6700114337727427 -28.433748774939595
57 -2.5632752273231745 -28.16728517571421
58 -2.496885849162936 -27.920602937037046
59 -0.34386508353054523 -27.739114797604373
60 -1.2077820105478168 -27.29994968172231
61 -1.7256461596116424 -26.752294794786035
62 -0.9783213539049029 -25.939034905087084
63 -1.864205289632082 -25.929972112830644
64 -2.173016006127 -25.901848378876174
65 -0.5689237555488944 -24.374430568602165
66 -0.5340284206904471 -24.180793753972072
67 -1.827046520076692 -24.11517186961488
68 -1.341217972803861 -23.991963674348654
69 -1.0941649619489908 -23.291023207711152
70 -2.178245902992785 -22.595308335760205
71 -2.284801794216037 -22.402293560723127
72 -1.497365541756153 -22.256737260461836
73 -0.3316432125866413 -21.713927702452338
74 -0.5487387850880623 -21.702540774014164
75 -0.41644716542214155 -19.722880852611173
76 -0.0699053080752492 -19.26334550647668
77 -2.0095782754942775 -18.569759364071594
78 0.7079119710251689 -18.111461264885516
79 -0.6377242980524898 -17.712051650475324
80 -0.17934186477214098 -17.66636739843018
81 -1.0334903290495276 -17.589712263068826
82 0.3479547519236803 -16.590872364965673
83 -0.9600720591843128 -16.362756319978686
84 -0.6606218107044697 -15.992539490672064
85 3.3632806222885847 -15.338182650137867
86 0.11518057389184833 -14.688247089412398
87 -0.6008834503591061 -14.055631672914624
88 4.012423408683389 -13.911649622206243
89 0.5437670219689608 -13.427781363912512
90 -1.6514213043265045 -12.619406941033082
91 1.7551922926213592 -12.225629065695466
92 1.0584232192486525 -11.735043647109059
93 0.5599227752536535 -10.781016093040188
94 1.9210032508708537 -10.729463335147118
95 2.4604750256985426 -9.785941512083282
96 3.4275556998327374 -9.775917521665287
97 0.383553808555007 -9.56682446099046
98 7.329840995371342 -9.193261368948118
99 4.036531895399094 -7.57539849177145
100 6.677898067515343 -7.362443126623615
101 5.129804222844541 -7.108327355338034
102 4.24165587767493 -7.072943263247867
103 4.799954254180193 -6.959063561385431
104 5.351644527167082 -6.776946485018116
105 5.556943028233945 -6.7220638398623045
106 4.19109411095269 -6.719970621583102
107 3.6841606565285474 -6.51820418055673
108 2.0175686883740127 -5.615796733870542
109 7.436505163554102 -5.34720210027791
110 5.833166915923357 -5.078485007852753
111 4.288091936148703 -5.027957977402961
112 10.437476760707796 -4.827572916892203
113 6.556976427324116 -4.63049541560991
114 10.224354328820482 -4.230832004686763
115 8.492457637563348 -4.031048624093466
116 6.3255186434835196 -3.3844671463622564
117 8.578997112810612 -3.3322555012187633
118 8.741988951340318 -2.6416623314910934
119 9.806737218052149 -1.9136196540088464
train accuracy: 0.8855555555555555
validation accuracy: 0.87
