demos: (120, 50, 11)
demo_rewards: (120,)
[-50.0022206  -48.82373914 -47.15605336 -46.19619105 -45.59422709
 -45.36842966 -45.19068756 -44.1649084  -44.07830313 -43.99355529
 -43.86306534 -43.84874807 -43.84199129 -43.80638567 -43.80581986
 -42.75947674 -42.66316469 -42.33177225 -41.77496339 -41.41006807
 -41.17786296 -40.72352042 -40.52718976 -40.49595848 -40.42938988
 -40.05653451 -39.59232358 -39.54162101 -39.19523747 -39.17238958
 -38.51095963 -38.44726577 -38.39210704 -38.0074535  -37.46482489
 -37.10988161 -34.27116724 -34.14139118 -33.26307273 -33.13344797
 -33.07825234 -33.03213148 -32.44934973 -32.40079781 -32.40063926
 -30.73440379 -30.57151372 -30.1312365  -29.99326723 -29.66908259
 -29.29723351 -29.28889042 -29.14587835 -28.49601894 -28.49202366
 -28.31596147 -27.12111057 -26.0645326  -25.52052428 -25.27101421
 -25.06664428 -24.92584938 -24.18810567 -23.48479966 -23.15394356
 -22.9547303  -22.74124885 -22.73927354 -22.26494505 -22.15569724
 -21.05592093 -20.54335656 -20.33499634 -20.18157658 -19.5814441
 -19.37722575 -19.24313562 -19.06062023 -18.96412452 -18.44896231
 -17.74072202 -16.8588937  -16.33811941 -14.53589256 -14.44367057
 -14.20041301 -13.93697618 -13.86225304 -13.48309853 -13.45589275
 -13.35586828 -12.27851524 -12.22738746 -12.02071783 -11.9100948
 -11.40028402 -11.13461816 -10.85916692  -9.59513796  -9.28992161
  -8.23087707  -7.88236324  -7.64789842  -7.45962324  -7.12435731
  -7.05379066  -6.8530911   -6.62113845  -6.49455522  -6.11735418
  -6.0870551   -5.43500832  -5.10529174  -4.62864941  -4.47103119
  -4.45550478  -4.28054982  -3.79447357  -2.95124385  -2.54161816]
maximum traj length 50
num training_obs 1800
num training_labels 1800
num val_obs 200
num val_labels 200
ModuleList(
  (0): Linear(in_features=11, out_features=1, bias=False)
)
Total number of parameters: 11
Number of trainable paramters: 11
device: cuda:0
end of epoch 0: val_loss 0.0345149670282661, val_acc 0.99
trigger times: 0
saving model weights...
Weights: OrderedDict([('fcs.0.weight', tensor([[-2.0805e-03,  4.7859e-02,  1.4801e-02, -1.9857e-02, -6.4741e-02,
         -5.8173e-03, -7.6285e-03,  1.6557e-02, -1.1156e-03, -5.4042e-03,
         -1.9393e+00]], device='cuda:0'))])
end of epoch 1: val_loss 0.09548223035238372, val_acc 0.965
trigger times: 1
end of epoch 2: val_loss 0.30017842852227156, val_acc 0.955
trigger times: 2
end of epoch 3: val_loss 0.06818127127886071, val_acc 0.99
trigger times: 3
end of epoch 4: val_loss 0.8016926378771791, val_acc 0.9
trigger times: 4
end of epoch 5: val_loss 0.17541986463026288, val_acc 0.975
trigger times: 5
end of epoch 6: val_loss 0.1932978157425128, val_acc 0.97
trigger times: 6
end of epoch 7: val_loss 0.04915002410133347, val_acc 0.985
trigger times: 7
end of epoch 8: val_loss 0.20769222040169166, val_acc 0.94
trigger times: 8
end of epoch 9: val_loss 0.6401865842333677, val_acc 0.905
trigger times: 9
end of epoch 10: val_loss 0.3215750795074242, val_acc 0.93
trigger times: 10
Early stopping.
0 -47.35943256318569 -50.00222059884506
1 -34.773838728666306 -48.823739140882175
2 -20.508525177836418 -47.15605336419176
3 -25.81918229162693 -46.19619104961985
4 -48.30434492230415 -45.594227093057754
5 -49.980524092912674 -45.36842966452394
6 -29.744198381900787 -45.19068756322445
7 -35.44787609577179 -44.16490839583478
8 -27.236993193626404 -44.078303125872196
9 -42.37234726548195 -43.993555290419714
10 -21.445454820990562 -43.86306534422809
11 -27.304837554693222 -43.84874807044028
12 -37.104693323373795 -43.84199129025074
13 -16.178090304136276 -43.806385671938365
14 -24.634880930185318 -43.80581985978556
15 -29.51375451683998 -42.7594767358323
16 -30.27343411743641 -42.66316468983175
17 -17.880832880735397 -42.33177224591743
18 -34.98542419075966 -41.774963389485094
19 -39.431101843714714 -41.410068073767725
20 -27.070745781064034 -41.17786296442943
21 -33.49204204976559 -40.723520424948155
22 -24.3691289126873 -40.527189756101116
23 -41.72677168250084 -40.49595848244517
24 -43.69135996699333 -40.429389880911344
25 -38.521273136138916 -40.05653450521898
26 -36.36845224350691 -39.59232357792555
27 -54.62299203872681 -39.54162101198148
28 -43.951762676239014 -39.195237471709476
29 -22.562711104750633 -39.172389579378766
30 -22.673251017928123 -38.51095963496708
31 -30.324798576533794 -38.447265769744824
32 -36.05672326683998 -38.392107037026264
33 -23.536876045167446 -38.00745349944469
34 -20.957402899861336 -37.46482488602393
35 -35.77421870827675 -37.10988160586883
36 -40.54103443026543 -34.27116723637227
37 -19.846131443977356 -34.14139118114101
38 -6.21801745519042 -33.263072731706835
39 -35.83330796472728 -33.13344797200536
40 -34.91123905777931 -33.07825234291984
41 -27.380689963698387 -33.0321314765637
42 -32.222439765930176 -32.44934973065406
43 -7.125110045075417 -32.4007978120153
44 -32.16452299058437 -32.40063925734975
45 -8.533584922552109 -30.734403792103194
46 -24.83055160753429 -30.57151371770873
47 -29.992968149483204 -30.131236504472803
48 -30.79970547556877 -29.99326722619033
49 -24.590646341443062 -29.66908258985071
50 -20.686605133116245 -29.297233511513635
51 -7.619439318776131 -29.288890423975797
52 -22.42616817355156 -29.145878352769948
53 -17.681461742147803 -28.49601894351319
54 -28.26959688961506 -28.492023661124072
55 -41.054470643401146 -28.315961465855167
56 -21.27024034410715 -27.121110566589827
57 -15.569269604980946 -26.064532595535336
58 -8.773130409419537 -25.520524278341334
59 -15.925141036510468 -25.27101421179229
60 -23.1183824762702 -25.066644278800943
61 -7.309479042887688 -24.925849381327673
62 -31.65325030684471 -24.188105669766596
63 -12.324894092977047 -23.48479966198816
64 -7.782592553645372 -23.153943559703283
65 -10.935488320887089 -22.954730295117237
66 -3.660041756927967 -22.74124885266394
67 -0.2642173245549202 -22.739273544503753
68 -13.870599161833525 -22.264945050603636
69 -11.249007686972618 -22.15569724300287
70 -12.011543869972229 -21.055920928583344
71 -15.166165515780449 -20.543356562348553
72 -20.463752411305904 -20.33499633836848
73 -4.546693567186594 -20.18157658281111
74 -6.905001193284988 -19.58144410477429
75 -12.820877250283957 -19.377225745334304
76 -8.823735669255257 -19.243135617403095
77 -9.770902156829834 -19.060620225371707
78 -23.72238776087761 -18.964124524696246
79 -5.242829538881779 -18.448962308005108
80 -1.7123308405280113 -17.740722019993825
81 -12.55774401128292 -16.85889369985028
82 -18.027164358645678 -16.3381194095591
83 -1.2558948658406734 -14.535892564189266
84 -14.851394839584827 -14.443670567499144
85 -15.181555196642876 -14.200413010108107
86 -3.353948213160038 -13.936976181618805
87 -21.92635378241539 -13.862253042167257
88 2.806195303797722 -13.483098530680483
89 -18.933162957429886 -13.455892754889845
90 -14.132877204567194 -13.355868275096913
91 3.41257356852293 -12.278515244993585
92 -8.261439021676779 -12.227387460046547
93 -10.076640732586384 -12.020717825467683
94 -18.2915181517601 -11.910094799877324
95 -19.978302823379636 -11.400284019256157
96 1.8481700643897057 -11.134618158086587
97 -17.255111270584166 -10.859166921158222
98 -11.621563108637929 -9.595137958067907
99 -17.473161157220602 -9.289921608799773
100 -13.253699839115143 -8.230877068641124
101 -2.694020375609398 -7.882363241796725
102 1.1597985699772835 -7.6478984168416355
103 -3.023526731878519 -7.459623237418707
104 2.7973881736397743 -7.124357312750265
105 -28.510844111442566 -7.05379065585803
106 1.2602084279060364 -6.853091098326624
107 5.186618819832802 -6.6211384471641495
108 -29.079327568411827 -6.494555224953677
109 -0.1356057971715927 -6.117354180737655
110 -22.747571036219597 -6.087055095509873
111 6.394195731729269 -5.43500831968483
112 -14.430689468979836 -5.105291741614599
113 -13.137408316135406 -4.628649413275992
114 -11.697149436920881 -4.471031187897325
115 7.611795619130135 -4.455504779070034
116 -16.258006993681192 -4.2805498188182405
117 -15.70981029421091 -3.7944735717969627
118 -4.498573014512658 -2.9512438456190186
119 -6.128260841593146 -2.541618164765197
train accuracy: 0.9477777777777778
validation accuracy: 0.93
