demos: (120, 50, 6)
demo_rewards: (120,)
[-50.0022206  -48.82373914 -47.15605336 -46.19619105 -45.59422709
 -45.36842966 -45.19068756 -44.1649084  -44.07830313 -43.99355529
 -43.86306534 -43.84874807 -43.84199129 -43.80638567 -43.80581986
 -42.75947674 -42.66316469 -42.33177225 -41.77496339 -41.41006807
 -41.17786296 -40.72352042 -40.52718976 -40.49595848 -40.42938988
 -40.05653451 -39.59232358 -39.54162101 -39.19523747 -39.17238958
 -38.51095963 -38.44726577 -38.39210704 -38.0074535  -37.46482489
 -37.10988161 -34.27116724 -34.14139118 -33.26307273 -33.13344797
 -33.07825234 -33.03213148 -32.44934973 -32.40079781 -32.40063926
 -30.73440379 -30.57151372 -30.1312365  -29.99326723 -29.66908259
 -29.29723351 -29.28889042 -29.14587835 -28.49601894 -28.49202366
 -28.31596147 -27.12111057 -26.0645326  -25.52052428 -25.27101421
 -25.06664428 -24.92584938 -24.18810567 -23.48479966 -23.15394356
 -22.9547303  -22.74124885 -22.73927354 -22.26494505 -22.15569724
 -21.05592093 -20.54335656 -20.33499634 -20.18157658 -19.5814441
 -19.37722575 -19.24313562 -19.06062023 -18.96412452 -18.44896231
 -17.74072202 -16.8588937  -16.33811941 -14.53589256 -14.44367057
 -14.20041301 -13.93697618 -13.86225304 -13.48309853 -13.45589275
 -13.35586828 -12.27851524 -12.22738746 -12.02071783 -11.9100948
 -11.40028402 -11.13461816 -10.85916692  -9.59513796  -9.28992161
  -8.23087707  -7.88236324  -7.64789842  -7.45962324  -7.12435731
  -7.05379066  -6.8530911   -6.62113845  -6.49455522  -6.11735418
  -6.0870551   -5.43500832  -5.10529174  -4.62864941  -4.47103119
  -4.45550478  -4.28054982  -3.79447357  -2.95124385  -2.54161816]
maximum traj length 50
num training_obs 1800
num training_labels 1800
num val_obs 200
num val_labels 200
ModuleList(
  (0): Linear(in_features=6, out_features=1, bias=False)
)
Total number of parameters: 6
Number of trainable paramters: 6
device: cuda:0
end of epoch 0: val_loss 0.041286386238325576, val_acc 0.995
trigger times: 0
saving model weights...
Weights: OrderedDict([('fcs.0.weight', tensor([[-0.0050, -0.0046,  0.0402, -0.0026, -0.0100, -0.7869]],
       device='cuda:0'))])
end of epoch 1: val_loss 0.030794938821088635, val_acc 0.99
trigger times: 0
saving model weights...
Weights: OrderedDict([('fcs.0.weight', tensor([[-0.0081,  0.0540,  0.0202, -0.0198, -0.1276, -0.9386]],
       device='cuda:0'))])
end of epoch 2: val_loss 0.02220019136401987, val_acc 0.995
trigger times: 0
saving model weights...
Weights: OrderedDict([('fcs.0.weight', tensor([[ 0.0191,  0.0081,  0.0432, -0.0084,  0.0079, -1.1864]],
       device='cuda:0'))])
end of epoch 3: val_loss 0.038578448049793226, val_acc 0.995
trigger times: 1
end of epoch 4: val_loss 0.047023785435274024, val_acc 0.995
trigger times: 2
end of epoch 5: val_loss 0.026369963968218144, val_acc 0.99
trigger times: 3
end of epoch 6: val_loss 0.2952221217728012, val_acc 0.905
trigger times: 4
end of epoch 7: val_loss 0.036800047750148224, val_acc 0.995
trigger times: 5
end of epoch 8: val_loss 0.026989770873533415, val_acc 1.0
trigger times: 6
end of epoch 9: val_loss 0.06111610416261556, val_acc 0.98
trigger times: 7
end of epoch 10: val_loss 0.04769575562359023, val_acc 0.98
trigger times: 8
end of epoch 11: val_loss 0.1002868513175531, val_acc 0.945
trigger times: 9
end of epoch 12: val_loss 0.02687776545998531, val_acc 1.0
trigger times: 10
Early stopping.
0 -12.92092863842845 -50.00222059884506
1 -9.743607394397259 -48.823739140882175
2 -10.36596052814275 -47.15605336419176
3 -9.092845752835274 -46.19619104961985
4 -12.394765257835388 -45.594227093057754
5 -10.604971550405025 -45.36842966452394
6 -13.834469109773636 -45.19068756322445
7 -10.427824791520834 -44.16490839583478
8 -7.430089948698878 -44.078303125872196
9 -11.63772252202034 -43.993555290419714
10 -7.635395735502243 -43.86306534422809
11 -11.386545861139894 -43.84874807044028
12 -10.205306127667427 -43.84199129025074
13 -7.407961837947369 -43.806385671938365
14 -6.785664872266352 -43.80581985978556
15 -8.119414500892162 -42.7594767358323
16 -6.251609645783901 -42.66316468983175
17 -9.805783241987228 -42.33177224591743
18 -9.901668131351471 -41.774963389485094
19 -9.265410032123327 -41.410068073767725
20 -8.804411133751273 -41.17786296442943
21 -7.892557460814714 -40.723520424948155
22 -10.831292778253555 -40.527189756101116
23 -8.713064178824425 -40.49595848244517
24 -10.25912718474865 -40.429389880911344
25 -9.086938545107841 -40.05653450521898
26 -8.68154026940465 -39.59232357792555
27 -12.786756604909897 -39.54162101198148
28 -10.378619980067015 -39.195237471709476
29 -10.777990370988846 -39.172389579378766
30 -8.997500613331795 -38.51095963496708
31 -9.320986680686474 -38.447265769744824
32 -12.073426771908998 -38.392107037026264
33 -5.856817280873656 -38.00745349944469
34 -6.530087243765593 -37.46482488602393
35 -10.843321554362774 -37.10988160586883
36 -8.281221464276314 -34.27116723637227
37 -5.68793370295316 -34.14139118114101
38 -6.961968298070133 -33.263072731706835
39 -6.736418524058536 -33.13344797200536
40 -6.195444770157337 -33.07825234291984
41 -9.172347322106361 -33.0321314765637
42 -12.384284820407629 -32.44934973065406
43 -5.148198351264 -32.4007978120153
44 -7.94922462105751 -32.40063925734975
45 -4.048818003386259 -30.734403792103194
46 -3.7268542172387242 -30.57151371770873
47 -6.885171502828598 -30.131236504472803
48 -7.509458020329475 -29.99326722619033
49 -5.149998128414154 -29.66908258985071
50 -10.513318041339517 -29.297233511513635
51 -5.501452698372304 -29.288890423975797
52 -4.358289225026965 -29.145878352769948
53 -6.715995952486992 -28.49601894351319
54 -6.3165541514754295 -28.492023661124072
55 -7.869183182483539 -28.315961465855167
56 -4.527123023755848 -27.121110566589827
57 -3.7848958913236856 -26.064532595535336
58 -5.5995595175772905 -25.520524278341334
59 -6.740390192717314 -25.27101421179229
60 -4.926791299134493 -25.066644278800943
61 -6.465365709736943 -24.925849381327673
62 -5.484783564694226 -24.188105669766596
63 -6.52581450343132 -23.48479966198816
64 -3.8493355894461274 -23.153943559703283
65 -5.692390337586403 -22.954730295117237
66 -4.49245525803417 -22.74124885266394
67 -5.1644826820120215 -22.739273544503753
68 -2.494804836809635 -22.264945050603636
69 -7.011196777224541 -22.15569724300287
70 -3.8813937716186047 -21.055920928583344
71 -3.0821355283260345 -20.543356562348553
72 -3.7907348591834307 -20.33499633836848
73 -5.104249973781407 -20.18157658281111
74 -5.8397120255976915 -19.58144410477429
75 -5.657322834245861 -19.377225745334304
76 -4.187117598950863 -19.243135617403095
77 -3.5322366864420474 -19.060620225371707
78 -4.952766393311322 -18.964124524696246
79 -4.952011868357658 -18.448962308005108
80 -5.8884529285132885 -17.740722019993825
81 -1.8374485848471522 -16.85889369985028
82 -3.076161867007613 -16.3381194095591
83 -4.475126848556101 -14.535892564189266
84 -3.0530770495533943 -14.443670567499144
85 -3.418398573063314 -14.200413010108107
86 -4.281722096726298 -13.936976181618805
87 -3.3741852771490812 -13.862253042167257
88 -4.346811034716666 -13.483098530680483
89 -3.327891561202705 -13.455892754889845
90 -2.2659357003867626 -13.355868275096913
91 -4.301612050272524 -12.278515244993585
92 -1.536259804153815 -12.227387460046547
93 -1.9797986773774028 -12.020717825467683
94 -3.4827082734555006 -11.910094799877324
95 -2.3805105921346694 -11.400284019256157
96 -4.075964369345456 -11.134618158086587
97 -2.0917684859596193 -10.859166921158222
98 -1.4170521777123213 -9.595137958067907
99 -3.0519665461033583 -9.289921608799773
100 -5.707846881821752 -8.230877068641124
101 -5.159371728077531 -7.882363241796725
102 -4.977258887141943 -7.6478984168416355
103 -5.0338463159278035 -7.459623237418707
104 -4.484163800254464 -7.124357312750265
105 -4.364847976714373 -7.05379065585803
106 -4.225702124647796 -6.853091098326624
107 -3.9557448755949736 -6.6211384471641495
108 -4.449531391263008 -6.494555224953677
109 -3.9496665270999074 -6.117354180737655
110 -3.2033228590153158 -6.087055095509873
111 -2.9982635425403714 -5.43500831968483
112 -1.9895803900435567 -5.105291741614599
113 -2.477265869965777 -4.628649413275992
114 -1.9788155616261065 -4.471031187897325
115 -2.515291651710868 -4.455504779070034
116 -1.939619573066011 -4.2805498188182405
117 -1.9305123244412243 -3.7944735717969627
118 -1.2551408624276519 -2.9512438456190186
119 -0.9905424781609327 -2.541618164765197
train accuracy: 0.995
validation accuracy: 1.0
