demos: (120, 50, 6)
demo_rewards: (120,)
[-50.0022206  -48.82373914 -47.15605336 -46.19619105 -45.59422709
 -45.36842966 -45.19068756 -44.1649084  -44.07830313 -43.99355529
 -43.86306534 -43.84874807 -43.84199129 -43.80638567 -43.80581986
 -42.75947674 -42.66316469 -42.33177225 -41.77496339 -41.41006807
 -41.17786296 -40.72352042 -40.52718976 -40.49595848 -40.42938988
 -40.05653451 -39.59232358 -39.54162101 -39.19523747 -39.17238958
 -38.51095963 -38.44726577 -38.39210704 -38.0074535  -37.46482489
 -37.10988161 -34.27116724 -34.14139118 -33.26307273 -33.13344797
 -33.07825234 -33.03213148 -32.44934973 -32.40079781 -32.40063926
 -30.73440379 -30.57151372 -30.1312365  -29.99326723 -29.66908259
 -29.29723351 -29.28889042 -29.14587835 -28.49601894 -28.49202366
 -28.31596147 -27.12111057 -26.0645326  -25.52052428 -25.27101421
 -25.06664428 -24.92584938 -24.18810567 -23.48479966 -23.15394356
 -22.9547303  -22.74124885 -22.73927354 -22.26494505 -22.15569724
 -21.05592093 -20.54335656 -20.33499634 -20.18157658 -19.5814441
 -19.37722575 -19.24313562 -19.06062023 -18.96412452 -18.44896231
 -17.74072202 -16.8588937  -16.33811941 -14.53589256 -14.44367057
 -14.20041301 -13.93697618 -13.86225304 -13.48309853 -13.45589275
 -13.35586828 -12.27851524 -12.22738746 -12.02071783 -11.9100948
 -11.40028402 -11.13461816 -10.85916692  -9.59513796  -9.28992161
  -8.23087707  -7.88236324  -7.64789842  -7.45962324  -7.12435731
  -7.05379066  -6.8530911   -6.62113845  -6.49455522  -6.11735418
  -6.0870551   -5.43500832  -5.10529174  -4.62864941  -4.47103119
  -4.45550478  -4.28054982  -3.79447357  -2.95124385  -2.54161816]
maximum traj length 50
num training_obs 1800
num training_labels 1800
num val_obs 200
num val_labels 200
ModuleList(
  (0): Linear(in_features=6, out_features=1, bias=False)
)
Total number of parameters: 6
Number of trainable paramters: 6
device: cuda:0
end of epoch 0: val_loss 0.023720715690187716, val_acc 1.0
trigger times: 0
saving model weights...
Weights: OrderedDict([('fcs.0.weight', tensor([[-0.0125,  0.0168,  0.0264,  0.0097, -0.0619, -0.9140]],
       device='cuda:0'))])
end of epoch 1: val_loss 0.030038231520775296, val_acc 1.0
trigger times: 1
end of epoch 2: val_loss 0.007221006919865544, val_acc 1.0
trigger times: 0
saving model weights...
Weights: OrderedDict([('fcs.0.weight', tensor([[-0.0121,  0.0102,  0.0129,  0.0117, -0.1894, -1.2140]],
       device='cuda:0'))])
end of epoch 3: val_loss 0.017806883141332684, val_acc 0.995
trigger times: 1
end of epoch 4: val_loss 0.1612867916259512, val_acc 0.925
trigger times: 2
end of epoch 5: val_loss 0.13100096055036534, val_acc 0.965
trigger times: 3
end of epoch 6: val_loss 0.01993389206681968, val_acc 1.0
trigger times: 4
end of epoch 7: val_loss 0.039180137651519543, val_acc 1.0
trigger times: 5
end of epoch 8: val_loss 0.023044191106828295, val_acc 1.0
trigger times: 6
end of epoch 9: val_loss 0.008602550684021217, val_acc 1.0
trigger times: 7
end of epoch 10: val_loss 0.02023280074950435, val_acc 1.0
trigger times: 8
end of epoch 11: val_loss 0.022250999018342554, val_acc 1.0
trigger times: 9
end of epoch 12: val_loss 0.022717133288754212, val_acc 1.0
trigger times: 10
Early stopping.
0 -11.052284255623817 -50.00222059884506
1 -9.25093188136816 -48.823739140882175
2 -10.321230921894312 -47.15605336419176
3 -9.32379949837923 -46.19619104961985
4 -11.154671415686607 -45.594227093057754
5 -10.7334508523345 -45.36842966452394
6 -12.967207744717598 -45.19068756322445
7 -8.980470068752766 -44.16490839583478
8 -7.427267845720053 -44.078303125872196
9 -11.594847816973925 -43.993555290419714
10 -6.529587870463729 -43.86306534422809
11 -11.260562006384134 -43.84874807044028
12 -8.539070814847946 -43.84199129025074
13 -6.143088087439537 -43.806385671938365
14 -6.0881426353007555 -43.80581985978556
15 -6.69239192828536 -42.7594767358323
16 -6.0297686494886875 -42.66316468983175
17 -10.069565556943417 -42.33177224591743
18 -7.634815622121096 -41.774963389485094
19 -8.554415799677372 -41.410068073767725
20 -7.812210263684392 -41.17786296442943
21 -8.376485757529736 -40.723520424948155
22 -10.915532402694225 -40.527189756101116
23 -10.034600637853146 -40.49595848244517
24 -10.000907480716705 -40.429389880911344
25 -8.392380138859153 -40.05653450521898
26 -7.377886852249503 -39.59232357792555
27 -12.786821946501732 -39.54162101198148
28 -9.144489895552397 -39.195237471709476
29 -9.612505376338959 -39.172389579378766
30 -8.84411796927452 -38.51095963496708
31 -8.188918802887201 -38.447265769744824
32 -10.489324634894729 -38.392107037026264
33 -5.22733970079571 -38.00745349944469
34 -5.569118157029152 -37.46482488602393
35 -8.653737109154463 -37.10988160586883
36 -8.87207131832838 -34.27116723637227
37 -4.752074869349599 -34.14139118114101
38 -5.700255625881255 -33.263072731706835
39 -6.584422222338617 -33.13344797200536
40 -6.602346777915955 -33.07825234291984
41 -7.478839248418808 -33.0321314765637
42 -12.135155647993088 -32.44934973065406
43 -7.632510602474213 -32.4007978120153
44 -6.110962826758623 -32.40063925734975
45 -2.353071328252554 -30.734403792103194
46 -4.45182533422485 -30.57151371770873
47 -5.9630477875471115 -30.131236504472803
48 -7.059580244123936 -29.99326722619033
49 -5.206428037956357 -29.66908258985071
50 -9.166644545271993 -29.297233511513635
51 -5.971932418644428 -29.288890423975797
52 -3.5468278862535954 -29.145878352769948
53 -5.439752962905914 -28.49601894351319
54 -4.854891914874315 -28.492023661124072
55 -8.386300589889288 -28.315961465855167
56 -4.095917982980609 -27.121110566589827
57 -1.6542047895491123 -26.064532595535336
58 -6.416058490052819 -25.520524278341334
59 -6.641598857939243 -25.27101421179229
60 -4.13123788125813 -25.066644278800943
61 -7.253550259396434 -24.925849381327673
62 -5.733108850196004 -24.188105669766596
63 -5.774508915841579 -23.48479966198816
64 -1.0839179679751396 -23.153943559703283
65 -5.949208237230778 -22.954730295117237
66 -4.607239896431565 -22.74124885266394
67 -4.146139422431588 -22.739273544503753
68 -1.1542978510260582 -22.264945050603636
69 -5.634708322584629 -22.15569724300287
70 -3.675378769636154 -21.055920928583344
71 -1.301786508411169 -20.543356562348553
72 -2.9130473379045725 -20.33499633836848
73 -3.0043614227324724 -20.18157658281111
74 -4.425027631223202 -19.58144410477429
75 -2.9495638515800238 -19.377225745334304
76 -5.365398041903973 -19.243135617403095
77 -1.345772035419941 -19.060620225371707
78 -4.645645022392273 -18.964124524696246
79 -5.503806781955063 -18.448962308005108
80 -4.923883670940995 -17.740722019993825
81 -1.1824509538710117 -16.85889369985028
82 -2.22237298078835 -16.3381194095591
83 -2.4079204499721527 -14.535892564189266
84 -1.5161151960492134 -14.443670567499144
85 -1.0005891621112823 -14.200413010108107
86 -5.068773748353124 -13.936976181618805
87 -3.337016921490431 -13.862253042167257
88 -3.5737541634589434 -13.483098530680483
89 -1.4898589309304953 -13.455892754889845
90 -1.3800592860206962 -13.355868275096913
91 -2.855886448174715 -12.278515244993585
92 0.16364480927586555 -12.227387460046547
93 -0.37799857929348946 -12.020717825467683
94 -2.9064192920923233 -11.910094799877324
95 -3.0262648425996304 -11.400284019256157
96 -2.0098378900438547 -11.134618158086587
97 -2.129667798988521 -10.859166921158222
98 -0.6494626952335238 -9.595137958067907
99 -1.2239151932299137 -9.289921608799773
100 -4.237673026509583 -8.230877068641124
101 -3.030357776209712 -7.882363241796725
102 -3.639540184289217 -7.6478984168416355
103 -2.7776303626596928 -7.459623237418707
104 -3.438370816409588 -7.124357312750265
105 -4.477861929684877 -7.05379065585803
106 -2.307538613677025 -6.853091098326624
107 -2.810479698702693 -6.6211384471641495
108 -4.81194069609046 -6.494555224953677
109 -1.5556331276893616 -6.117354180737655
110 -4.2152587659657 -6.087055095509873
111 -3.710954573005438 -5.43500831968483
112 -0.9814870525151491 -5.105291741614599
113 -0.5757116451859474 -4.628649413275992
114 0.22997317649424076 -4.471031187897325
115 -2.195210823789239 -4.455504779070034
116 -2.000817026011646 -4.2805498188182405
117 -1.8120777262374759 -3.7944735717969627
118 0.6884565260261297 -2.9512438456190186
119 0.5190881676971912 -2.541618164765197
train accuracy: 0.9938888888888889
validation accuracy: 1.0
