demos: (120, 50, 11)
demo_rewards: (120,)
[-50.0022206  -48.82373914 -47.15605336 -46.19619105 -45.59422709
 -45.36842966 -45.19068756 -44.1649084  -44.07830313 -43.99355529
 -43.86306534 -43.84874807 -43.84199129 -43.80638567 -43.80581986
 -42.75947674 -42.66316469 -42.33177225 -41.77496339 -41.41006807
 -41.17786296 -40.72352042 -40.52718976 -40.49595848 -40.42938988
 -40.05653451 -39.59232358 -39.54162101 -39.19523747 -39.17238958
 -38.51095963 -38.44726577 -38.39210704 -38.0074535  -37.46482489
 -37.10988161 -34.27116724 -34.14139118 -33.26307273 -33.13344797
 -33.07825234 -33.03213148 -32.44934973 -32.40079781 -32.40063926
 -30.73440379 -30.57151372 -30.1312365  -29.99326723 -29.66908259
 -29.29723351 -29.28889042 -29.14587835 -28.49601894 -28.49202366
 -28.31596147 -27.12111057 -26.0645326  -25.52052428 -25.27101421
 -25.06664428 -24.92584938 -24.18810567 -23.48479966 -23.15394356
 -22.9547303  -22.74124885 -22.73927354 -22.26494505 -22.15569724
 -21.05592093 -20.54335656 -20.33499634 -20.18157658 -19.5814441
 -19.37722575 -19.24313562 -19.06062023 -18.96412452 -18.44896231
 -17.74072202 -16.8588937  -16.33811941 -14.53589256 -14.44367057
 -14.20041301 -13.93697618 -13.86225304 -13.48309853 -13.45589275
 -13.35586828 -12.27851524 -12.22738746 -12.02071783 -11.9100948
 -11.40028402 -11.13461816 -10.85916692  -9.59513796  -9.28992161
  -8.23087707  -7.88236324  -7.64789842  -7.45962324  -7.12435731
  -7.05379066  -6.8530911   -6.62113845  -6.49455522  -6.11735418
  -6.0870551   -5.43500832  -5.10529174  -4.62864941  -4.47103119
  -4.45550478  -4.28054982  -3.79447357  -2.95124385  -2.54161816]
maximum traj length 50
num training_obs 1800
num training_labels 1800
num val_obs 200
num val_labels 200
ModuleList(
  (0): Linear(in_features=11, out_features=128, bias=True)
  (1): Linear(in_features=128, out_features=64, bias=True)
  (2): Linear(in_features=64, out_features=1, bias=False)
)
Total number of parameters: 9856
Number of trainable paramters: 9856
device: cuda:0
end of epoch 0: val_loss 0.24764212050432433, val_acc 0.89
trigger times: 0
saving model weights...
Weights: OrderedDict([('fcs.0.weight', tensor([[-3.9257e-02,  1.0860e-01,  1.0115e-01,  ...,  7.9336e-02,
          6.0311e-02,  4.0301e-42],
        [-1.9684e-01,  1.8946e-02,  3.5354e-01,  ...,  1.2461e-01,
          8.4077e-02,  7.5376e-42],
        [ 5.7839e-03,  8.3596e-02,  4.3230e-02,  ..., -1.6798e-02,
         -5.2811e-04, -3.7485e-42],
        ...,
        [ 4.3410e-02,  1.7653e-01, -2.4760e-02,  ..., -2.9579e-02,
          1.1161e-02,  2.5854e-42],
        [-4.2190e-03,  4.8674e-03, -2.5046e-02,  ...,  5.8382e-04,
         -2.6409e-03, -1.6900e-42],
        [ 1.1430e-01, -1.3825e-01, -3.4588e-02,  ..., -1.2694e-01,
          8.4159e-02,  7.0625e-43]], device='cuda:0')), ('fcs.0.bias', tensor([-0.0296, -0.2664, -0.1850, -0.1768, -0.0335, -0.1316, -0.2408, -0.2447,
        -0.1971, -0.0821, -0.1773,  0.0987, -0.1678, -0.2881, -0.0111, -0.1122,
        -0.1545, -0.2838, -0.1448, -0.0966, -0.0105,  0.0059, -0.1068, -0.1292,
        -0.1897, -0.0157, -0.3869, -0.1918, -0.1409, -0.1561, -0.1686, -0.3986,
        -0.2263, -0.2545, -0.1201, -0.1304, -0.0597, -0.0653, -0.2003, -0.1834,
        -0.2282, -0.1902, -0.0379, -0.1725, -0.2895, -0.1366,  0.2832, -0.3778,
        -0.1193, -0.1765, -0.1280, -0.1687, -0.2034, -0.2874, -0.0826, -0.2493,
        -0.1671, -0.1417, -0.0188, -0.2092, -0.2915, -0.0672, -0.2337, -0.2418,
        -0.0327, -0.3284, -0.2360, -0.2595, -0.3179, -0.0949, -0.2451, -0.0435,
        -0.1707, -0.1116, -0.1434, -0.1082, -0.3619, -0.0380, -0.0409, -0.1680,
        -0.1689, -0.1754, -0.1751, -0.2099, -0.0996, -0.1996, -0.2758, -0.2307,
        -0.1682, -0.1157, -0.1123, -0.0791, -0.2303, -0.2619, -0.1859, -0.2954,
        -0.0633, -0.1331, -0.2171, -0.2745, -0.2884, -0.2868, -0.0231, -0.2845,
        -0.1341, -0.2122, -0.1283, -0.1725, -0.1468, -0.1803, -0.1875, -0.2595,
        -0.2910, -0.2170,  0.0040, -0.1771, -0.2545, -0.1380, -0.2792, -0.1729,
        -0.3113, -0.1830, -0.1299, -0.3222, -0.2254, -0.2139, -0.1311, -0.2544],
       device='cuda:0')), ('fcs.1.weight', tensor([[-0.0378, -0.0217, -0.0026,  ..., -0.0041, -0.0059, -0.0260],
        [-0.0027,  0.0513,  0.0071,  ..., -0.0098,  0.0039, -0.0239],
        [-0.0107, -0.0075, -0.0007,  ..., -0.0246, -0.0038, -0.0256],
        ...,
        [-0.0058,  0.0050,  0.0006,  ..., -0.0252, -0.0010, -0.0476],
        [-0.2342, -0.0506, -0.0014,  ..., -0.0009,  0.0034,  0.0189],
        [-0.0088, -0.0057,  0.0011,  ..., -0.0374, -0.0036,  0.0026]],
       device='cuda:0')), ('fcs.1.bias', tensor([-0.0082, -0.0462, -0.0096, -0.2990, -0.0696, -0.0975, -0.0408, -0.0368,
        -0.0328, -0.1448, -0.1118, -0.0557, -0.0175, -0.0483,  1.2060, -0.0041,
        -0.1187, -0.0022, -0.3979, -0.0234, -0.0213, -0.0028, -0.0084, -0.1288,
        -0.3725, -0.0850, -0.2760, -0.1079, -0.0125, -0.0291, -0.1659, -0.2131,
        -0.0168, -0.1325, -0.0017, -0.0024, -0.0280, -0.0017, -0.0982, -0.1719,
        -0.0339, -0.0072, -0.0302, -0.0628, -0.0264, -0.0225, -0.1421,  0.5418,
        -0.0181, -0.0263, -0.0802, -0.2459, -0.0785,  0.0695,  0.0226, -0.0877,
        -0.0135, -0.1048, -0.0795, -0.1003, -0.0363, -0.0221,  0.1833, -0.0713],
       device='cuda:0')), ('fcs.2.weight', tensor([[ 7.6176e-02, -1.5073e-01,  2.2537e-02, -1.6111e-02, -1.6931e-02,
         -5.8900e-03, -2.4467e-03,  4.8870e-02,  1.7617e-01, -1.3790e-02,
          2.8288e-02,  1.6109e-01,  2.2581e-02,  7.1525e-02,  7.2533e-02,
          5.6058e-03,  3.7905e-01,  6.9795e-02, -3.0044e-02,  1.4100e-03,
          4.8648e-02,  2.8251e-02, -1.3280e-03,  1.7756e-01, -2.2964e-01,
          1.4723e-02, -2.1181e-02,  1.1814e-01,  5.3013e-02,  3.6846e-02,
          1.7932e-01,  8.5109e-02,  6.6594e-02, -1.3572e-01,  3.3897e-03,
          8.1594e-03,  2.8162e-03,  2.0428e-02, -7.7213e-03,  8.0175e-02,
          9.4921e-02,  1.0147e-01,  2.6038e-01,  5.7291e-02, -1.7963e-01,
          1.1395e-01, -3.7449e-02,  2.9494e-01,  1.4082e-01, -2.9190e-02,
          1.3035e-01,  2.2089e-01,  2.0535e-01, -9.7819e-02,  2.0918e-02,
          7.4638e-02,  1.4032e-02,  3.9597e-02,  1.8505e-02, -3.7889e-03,
          1.3532e-02, -4.9831e-03, -5.5386e-02,  3.0345e-04]], device='cuda:0'))])
end of epoch 1: val_loss 0.2346416881820835, val_acc 0.885
trigger times: 0
saving model weights...
Weights: OrderedDict([('fcs.0.weight', tensor([[-3.6100e-04, -4.5757e-02,  9.4664e-02,  ..., -6.4935e-02,
          3.0540e-02, -6.9659e-42],
        [ 1.9256e-03, -1.0139e-01,  5.7890e-02,  ..., -1.3853e-02,
          1.0355e-02, -9.4571e-09],
        [-1.3240e-04, -2.0632e-03,  1.2641e-03,  ..., -4.9848e-04,
          5.9868e-04,  1.0916e-42],
        ...,
        [ 3.7822e-02,  1.7133e-01, -2.0510e-01,  ...,  5.7781e-02,
         -7.2452e-02, -4.9774e-42],
        [-7.3183e-03, -6.7285e-02,  2.3657e-02,  ...,  2.6672e-03,
          8.7474e-04, -2.8376e-42],
        [-5.2306e-03, -4.0951e-03, -5.2681e-02,  ..., -2.3027e-02,
          2.5815e-02, -1.9562e-42]], device='cuda:0')), ('fcs.0.bias', tensor([-0.2553, -0.2097, -0.0145, -0.0295, -0.1854, -0.0787, -0.2397, -0.0080,
        -0.1712, -0.1142, -0.0199,  0.0922, -0.0215, -0.0921, -0.1288, -0.1068,
        -0.1062, -0.2112, -0.0454, -0.0026, -0.5112, -0.2079, -0.3496, -0.0246,
        -0.0327,  0.0125, -0.2600, -0.0502, -0.2850, -0.1053, -0.4356, -0.2685,
        -0.0245, -0.1300, -0.1938, -0.2247, -0.1206, -0.4223, -0.0895, -0.1400,
        -0.0247, -0.3089, -0.3803, -0.2394, -0.0759, -0.1106,  0.0714, -0.4541,
        -0.0997, -0.0204, -0.1077, -0.1653, -0.1485, -0.1261, -0.2847, -0.2582,
        -0.2574, -0.0232, -0.2394, -0.0347, -0.1226, -0.4963, -0.3536, -0.0984,
        -0.1089, -0.2881, -0.0823, -0.0377, -0.1805, -0.0606, -0.1453, -0.0632,
        -0.1075, -0.2745, -0.3478, -0.0546, -0.1594, -0.1361, -0.2264, -0.0287,
        -0.0355, -0.2937, -0.0598, -0.4546, -0.0049, -0.0517, -0.2525, -0.2991,
        -0.0044, -0.2288, -0.0715, -0.1432, -0.2788, -0.0862, -0.2981, -0.0282,
        -0.0357, -0.3801, -0.0276, -0.2224, -0.0159, -0.3238, -0.2803, -0.2101,
        -0.3357, -0.3144, -0.4026, -0.2029, -0.0295, -0.1839, -0.2393, -0.0537,
        -0.1107, -0.1674, -0.2801, -0.0392, -0.0309, -0.0377, -0.2138, -0.1403,
        -0.0204, -0.1302, -0.2170, -0.1149, -0.1637, -0.1374, -0.0978, -0.1014],
       device='cuda:0')), ('fcs.1.weight', tensor([[-5.8565e-03, -4.8603e-02, -2.9601e-04,  ..., -3.4083e-02,
         -3.1433e-04, -2.5655e-02],
        [-1.2402e-02, -1.0612e-02, -2.0929e-04,  ..., -1.0203e-02,
         -7.0958e-04, -4.5161e-03],
        [-1.2804e-03,  2.1247e-03, -1.5316e-04,  ..., -1.0301e-02,
          2.1341e-04, -5.1061e-03],
        ...,
        [-1.6353e-02, -1.7335e-03, -8.0906e-04,  ..., -1.4188e-01,
         -5.1677e-04, -4.7017e-02],
        [-2.0506e-01, -1.6076e-01,  3.5983e-04,  ...,  4.1857e-02,
          2.6047e-03,  1.0066e-02],
        [-1.1321e-02, -2.2331e-03, -3.0108e-04,  ..., -2.1976e-02,
         -2.1049e-04, -7.2702e-03]], device='cuda:0')), ('fcs.1.bias', tensor([-7.2894e-02, -4.2353e-02, -1.3480e-02, -9.2361e-02, -4.1770e-03,
        -2.2200e-02, -2.5724e-04, -5.7697e-02, -2.2522e-01, -2.1164e-01,
        -1.8376e-02, -4.3900e-02, -7.0268e-02, -2.3389e-02,  1.0694e+00,
        -3.7519e-01, -2.0058e-01, -1.5131e-02, -3.2839e-02, -1.3776e-02,
        -5.4870e-02, -1.3825e-02, -1.6147e-03, -9.4874e-02, -5.5336e-01,
        -8.3374e-02, -3.6564e-01, -4.7905e-02, -2.7704e-02, -2.7368e-02,
        -1.4470e-01, -2.4983e-01, -3.3806e-02, -2.0793e-01, -1.9823e-01,
        -2.6157e-01, -1.7910e-02, -1.2059e-02, -2.2371e-02, -6.9176e-02,
        -8.3049e-03, -3.4719e-02, -1.2977e-01, -3.2578e-02, -8.5911e-02,
        -1.7732e-01, -1.7251e-03,  2.3297e-01, -9.1728e-03, -1.5759e-01,
        -2.1814e-01, -2.0896e-01, -2.2707e-01, -1.1342e-01, -2.2592e-02,
        -7.2361e-02, -8.5322e-02,  7.0675e-01, -4.3460e-02, -1.0310e-02,
        -3.5125e-01, -1.3071e-02, -2.7663e-01, -5.1470e-03], device='cuda:0')), ('fcs.2.weight', tensor([[ 5.1079e-02,  3.9981e-02,  2.6080e-02,  8.8842e-03,  6.8678e-03,
          2.2944e-02,  4.2604e-04,  4.8578e-02,  1.7966e-01, -4.6033e-02,
          8.1589e-02,  8.3606e-02,  9.7533e-04,  8.1447e-02,  1.8477e-01,
         -1.7002e-01,  3.6672e-01,  1.3879e-02,  1.9658e-02,  3.7390e-03,
          4.5609e-02,  4.5563e-02,  1.2594e-03,  2.1688e-01,  1.7723e-02,
         -1.5302e-01, -4.3385e-05,  8.9105e-02, -5.6902e-02, -2.6593e-01,
          1.6728e-01, -1.8682e-01, -2.8928e-01,  2.1988e-02,  2.4976e-02,
          9.5081e-02,  2.4631e-02,  2.6734e-02, -2.1505e-03,  6.2810e-02,
          1.0399e-01,  2.2462e-01,  1.8373e-01,  4.9971e-02,  3.4655e-03,
          2.6810e-01,  1.7227e-03,  3.6922e-01,  1.8834e-02, -8.9771e-03,
          1.2993e-01,  1.9684e-01, -7.5274e-02,  2.8519e-03,  3.0861e-02,
          9.5924e-02,  1.5946e-02,  5.8613e-02,  2.7635e-02,  2.2589e-03,
          2.7249e-02,  1.0057e-01, -1.3918e-01,  5.0207e-02]], device='cuda:0'))])
end of epoch 2: val_loss 0.24876005086565953, val_acc 0.885
trigger times: 1
end of epoch 3: val_loss 0.2785958843241215, val_acc 0.87
trigger times: 2
end of epoch 4: val_loss 0.2965750979620127, val_acc 0.89
trigger times: 3
end of epoch 5: val_loss 0.2023633916996272, val_acc 0.9
trigger times: 0
saving model weights...
Weights: OrderedDict([('fcs.0.weight', tensor([[-7.4279e-02,  7.9203e-03, -2.0990e-02,  ..., -6.8352e-03,
          2.1205e-03,  2.6046e-05],
        [-1.8402e-01, -1.5229e-01,  6.6919e-03,  ..., -1.0723e-03,
         -2.0737e-02, -1.1368e-05],
        [ 1.7764e-02, -1.2772e-02,  4.6686e-03,  ..., -8.7084e-05,
          5.8057e-05,  3.7546e-12],
        ...,
        [-8.9341e-03, -1.2122e-02,  3.8835e-03,  ..., -1.1958e-03,
          1.7058e-03, -1.6930e-05],
        [ 2.4328e-02,  2.7339e-02,  1.6871e-02,  ...,  4.6307e-03,
          4.1285e-03, -6.3031e-11],
        [-2.0670e-03, -5.9688e-04,  9.9665e-04,  ...,  8.5766e-05,
          4.4007e-05,  3.2146e-21]], device='cuda:0')), ('fcs.0.bias', tensor([-2.3113e-01, -3.8180e-01, -9.0065e-02, -8.2574e-02, -2.4628e-01,
        -1.0225e-01, -3.1863e-01, -3.4009e-01, -4.9821e-01,  2.3979e-01,
        -1.2436e-01, -5.9053e-01, -3.1629e-01, -1.2974e-01, -1.7293e-02,
        -7.8373e-02, -9.3607e-02, -1.4086e-01, -5.5377e-02, -4.2560e-01,
        -1.5952e-02, -3.3008e-01, -9.6610e-02, -3.0509e-01, -7.0091e-02,
        -2.4910e-01, -1.4232e-01, -5.1667e-02, -6.1721e-02, -1.7528e-01,
        -1.4149e-01, -3.5346e-01, -4.6708e-02, -7.4016e-02, -3.5473e-01,
        -8.4770e-02, -1.4132e-01, -6.6504e-02, -3.4973e-02, -2.2559e-01,
        -3.4471e-01, -2.0722e-01, -7.3720e-02, -1.2598e-02, -1.5788e-01,
        -2.0674e-01, -4.8316e-01, -6.6153e-01, -7.0195e-02, -7.4226e-02,
        -9.0109e-02,  1.2646e-01, -6.3703e-02, -2.6797e-01, -1.3818e-01,
        -9.1304e-02, -3.8222e-01, -6.1643e-03, -1.2169e-01, -1.4776e-01,
        -2.3107e-01, -1.2979e-01, -1.1411e-01, -2.8503e-01, -1.5479e-01,
        -2.1033e-01, -4.5899e-01, -1.1618e-01, -2.2552e-02, -3.8647e-01,
        -1.3065e-01, -3.0812e-01, -8.6211e-02, -1.6070e-02, -1.2322e-01,
         1.7372e-02, -1.9330e-01, -2.9239e-01, -2.3751e-01, -4.4950e-01,
        -1.0719e-01, -9.3046e-02, -2.6376e-01, -2.1232e-01, -2.6279e-01,
        -1.4420e-01, -7.1039e-02, -8.0808e-02, -1.2457e-01, -1.2310e-01,
        -1.2539e-01, -1.7357e-01, -3.3252e-02, -3.3695e-02, -3.7843e-01,
        -1.8856e-01, -4.3033e-02, -3.2510e-01, -3.1295e-02, -2.0857e-01,
        -2.2534e-01, -2.2983e-01, -1.7331e-01, -3.5746e-01, -2.4352e-02,
        -4.7942e-01, -4.0387e-01, -1.7590e-01, -1.2865e-01, -1.4426e-01,
        -2.3989e-01, -1.8789e-01, -4.9694e-01, -1.6421e-01, -8.2816e-03,
        -1.6691e-01, -1.6678e-01, -1.1168e-01, -1.5406e-01, -4.6048e-04,
        -2.2231e-01, -1.9095e-01, -1.1563e-01, -1.3185e-01, -2.5129e-02,
        -7.9634e-02, -1.5609e-01, -1.7762e-02], device='cuda:0')), ('fcs.1.weight', tensor([[-6.1847e-03, -1.5862e-03, -6.6531e-04,  ..., -1.4798e-02,
         -2.9542e-02, -3.1242e-05],
        [ 2.9707e-03,  8.1955e-03, -4.1734e-03,  ...,  4.3724e-03,
          5.2209e-03, -2.2543e-02],
        [-2.5940e-04, -4.6628e-04,  1.1351e-08,  ..., -2.6577e-04,
         -6.5884e-04, -1.9870e-07],
        ...,
        [-6.3467e-04, -1.3543e-03, -1.4109e-07,  ..., -1.6271e-04,
         -7.7781e-04,  7.6184e-08],
        [-3.5062e-02, -1.1974e-02,  2.7838e-04,  ...,  3.4001e-03,
         -2.4321e-02, -7.3457e-04],
        [-1.6569e-01, -6.3727e-03,  6.9665e-05,  ...,  6.7870e-03,
         -2.3048e-02, -1.9533e-03]], device='cuda:0')), ('fcs.1.bias', tensor([-6.4295e-02, -1.4421e-01, -3.1786e-03, -5.0990e-02, -2.5429e-02,
        -7.6788e-02,  1.8107e-02, -6.9674e-02, -1.9665e-01, -2.0583e-01,
        -7.9458e-02, -4.0335e-01, -1.3066e-01, -9.8176e-02,  1.1944e+00,
        -6.9962e-03, -1.6965e-02, -7.0912e-02, -2.4797e-01, -3.4992e-03,
        -1.4748e-01, -4.5427e-02, -2.4414e-01, -1.1421e-01, -7.9708e-02,
        -1.7392e-03, -1.5259e-01, -2.3297e-02, -3.3039e-01, -1.2169e-01,
        -2.0690e-01, -4.7586e-02, -1.8384e-02, -1.0237e-02, -2.5770e-02,
        -1.8246e-01, -1.3895e-01, -1.2261e-02, -4.3510e-03, -5.4512e-02,
        -4.2369e-01, -3.3967e-01, -9.0263e-02, -1.4962e-02, -1.6878e-03,
        -2.1466e-01, -2.3464e-02, -2.0688e-01, -1.9446e-03, -1.3919e-02,
        -8.3344e-02, -2.7253e-02, -8.4792e-03, -2.8313e-01, -1.5167e-02,
         6.5506e-06, -4.9706e-02, -7.0194e-02, -4.4969e-02, -6.2399e-02,
         2.2123e-01, -1.7978e-02, -1.9383e-01, -1.0381e-01], device='cuda:0')), ('fcs.2.weight', tensor([[ 2.1996e-01, -5.4522e-02,  2.5905e-03,  1.2109e-01,  4.2033e-02,
          1.2314e-01,  7.9893e-04, -4.5427e-02,  2.5741e-01, -1.5478e-02,
          1.4631e-01, -1.4827e-01,  4.5188e-02, -3.8165e-02,  2.9177e-01,
          1.5222e-02,  1.3784e-02,  8.2484e-02,  1.8776e-01,  3.7571e-05,
          6.1588e-02,  5.7064e-02, -3.4599e-02,  1.7784e-02,  2.7653e-02,
          8.3051e-03,  8.2000e-02, -2.7037e-02, -2.0116e-01,  2.3576e-01,
          1.1883e-01,  1.6313e-02,  1.1574e-02,  2.4862e-02, -4.3251e-03,
          1.3863e-01,  2.0842e-01, -5.8435e-03,  2.4172e-02,  3.1774e-02,
         -1.6822e-01, -2.7235e-02,  6.2579e-02,  2.8905e-02,  2.5776e-04,
         -1.4448e-01,  7.6981e-02,  1.5203e-01,  3.3197e-03,  5.3506e-03,
         -1.8978e-01,  1.7378e-01, -2.5307e-02,  7.3984e-02,  1.0650e-02,
          2.1383e-03,  4.4176e-02,  1.0035e-01,  2.5850e-02, -9.5259e-02,
          2.1850e-02,  5.1897e-03, -1.9393e-01, -7.7968e-02]], device='cuda:0'))])
end of epoch 6: val_loss 0.3235817797546747, val_acc 0.855
trigger times: 1
end of epoch 7: val_loss 0.3552326853079822, val_acc 0.855
trigger times: 2
end of epoch 8: val_loss 0.5379681565463216, val_acc 0.825
trigger times: 3
end of epoch 9: val_loss 0.22177834974356242, val_acc 0.91
trigger times: 4
end of epoch 10: val_loss 0.19044727507255557, val_acc 0.915
trigger times: 0
saving model weights...
Weights: OrderedDict([('fcs.0.weight', tensor([[-7.5954e-02,  4.7235e-02,  8.3193e-03,  ..., -7.7694e-03,
         -9.2719e-03, -1.7469e-11],
        [-3.2881e-02, -2.3814e-02,  2.3208e-02,  ..., -8.6154e-03,
         -8.0668e-03,  1.8843e-13],
        [-4.9302e-03,  2.5961e-04,  3.3621e-02,  ..., -2.1546e-03,
          4.0832e-03, -2.1561e-11],
        ...,
        [ 1.1959e-01, -5.2665e-02, -1.4371e-01,  ...,  7.3436e-03,
         -5.1038e-03, -2.2697e-11],
        [-1.8210e-01,  1.3148e-01, -1.5552e-01,  ...,  1.1226e-02,
          4.4158e-03,  9.8874e-06],
        [ 1.5396e-03, -4.5738e-04, -2.3773e-04,  ..., -2.5167e-04,
          2.5552e-04, -1.0163e-05]], device='cuda:0')), ('fcs.0.bias', tensor([-2.0625e-01, -2.1327e-01, -9.4814e-02, -7.0211e-02, -2.0011e-01,
        -4.3513e-01, -1.7885e-01, -1.8850e-01,  7.3216e-02, -2.2646e-01,
        -2.2420e-01, -6.8080e-01, -1.0278e-01, -7.3921e-02, -6.0784e-02,
        -2.2147e-01, -1.6742e-01, -2.9787e-01, -1.6345e-01, -6.0221e-02,
        -3.2474e-01, -1.9889e-01, -1.2254e-01, -1.6830e-01, -2.7652e-01,
        -2.8715e-01, -6.9942e-02, -1.6721e-01, -4.0981e-01, -3.3508e-01,
        -4.0534e-02, -1.5392e-01, -2.0911e-01, -2.4913e-01, -2.2971e-01,
        -2.3538e-01, -1.3987e-01, -1.9726e-01, -4.0643e-01, -2.7848e-01,
        -4.3876e-01, -1.4467e-01, -6.9138e-02, -1.4408e-01, -1.6849e-01,
        -2.8951e-01, -1.1986e-01, -1.4695e-01, -9.4521e-03, -2.4773e-01,
        -2.4948e-01, -2.9234e-01,  2.8143e-03, -2.2165e-01, -9.5939e-02,
        -1.5089e-01, -7.9580e-02, -1.9485e-01, -4.6109e-01, -3.7763e-01,
        -9.6189e-02, -4.4621e-01, -1.7705e-01, -1.9872e-01, -2.3316e-01,
        -1.0076e-01, -5.9752e-02, -1.0456e-01, -4.6252e-01, -3.7168e-01,
        -1.5337e-01, -6.6729e-03, -2.9027e-01, -1.9275e-01, -3.1686e-01,
        -9.0156e-03, -1.7955e-01, -1.8094e-01, -2.7993e-01, -3.4942e-03,
        -1.0210e-01, -4.1651e-01, -1.3310e-01, -1.7703e-01, -1.2212e-01,
        -3.4938e-01, -1.7390e-01, -2.0534e-01, -2.2706e-01, -2.8782e-01,
        -5.9224e-02, -1.9786e-01, -1.7793e-01, -3.1199e-01, -2.9477e-01,
        -2.7500e-02, -4.5195e-01, -1.9840e-01, -1.9935e-01, -3.0370e-01,
        -8.3646e-03, -1.1747e-01, -2.2562e-01, -2.0640e-01, -9.6885e-02,
        -7.6484e-02, -1.5185e-01, -1.5342e-01, -1.6975e-01,  2.8907e-01,
        -1.8967e-01, -1.6687e-02, -3.0454e-01, -3.0729e-01, -1.5785e-01,
        -3.5403e-01, -1.0031e-01, -2.6291e-01, -4.9107e-01, -1.5348e-01,
        -2.0484e-01, -5.2499e-04, -1.7708e-01, -1.7938e-01, -2.4356e-01,
        -1.4407e-01, -1.4070e-01, -2.5873e-02], device='cuda:0')), ('fcs.1.weight', tensor([[-8.6597e-04, -4.0880e-03, -1.2894e-02,  ..., -6.0640e-03,
          7.8421e-03, -7.0226e-04],
        [-7.4344e-04, -4.1917e-03, -9.5812e-03,  ..., -9.7859e-03,
          1.6074e-03, -4.0093e-04],
        [-4.1911e-06,  1.0094e-05, -4.0715e-04,  ..., -2.3297e-04,
          3.6445e-04, -1.8060e-03],
        ...,
        [-1.3858e-02, -1.1360e-02, -1.5225e-02,  ..., -3.4387e-02,
          6.2008e-03, -2.9937e-03],
        [ 2.8564e-03, -2.3301e-02,  3.5698e-02,  ...,  2.0540e-02,
         -3.1284e-02,  2.3584e-03],
        [-1.2070e-02, -5.4602e-03, -1.0252e-02,  ..., -2.4603e-03,
          5.8533e-03, -5.1538e-04]], device='cuda:0')), ('fcs.1.bias', tensor([-0.0099, -0.0090, -0.0056, -0.0638, -0.0812, -0.0138, -0.0731, -0.0519,
        -0.0468,  1.0815, -0.0739, -0.0492, -0.4674, -0.0240,  0.6248, -0.1571,
        -0.1230, -0.0037, -0.0114, -0.0954, -0.1876, -0.0164, -0.1744, -0.0195,
        -0.1787, -0.1304, -0.1667, -0.0785, -0.0036, -0.1474, -0.1606, -0.0169,
        -0.0514, -0.0614, -0.0978, -0.1336, -0.0606, -0.0626, -0.3122, -0.2344,
        -0.0106, -0.3461, -0.2271, -0.0152, -0.0036, -0.0441, -0.0045, -0.0463,
        -0.0125, -0.0257, -0.1483, -0.1237, -0.0036, -0.0042, -0.0816, -0.1240,
        -0.0457, -0.0359, -0.0521, -0.1002, -0.0357, -0.0429, -0.3257, -0.0095],
       device='cuda:0')), ('fcs.2.weight', tensor([[ 0.0207,  0.0211,  0.0006,  0.1348,  0.1646,  0.0982,  0.0743,  0.0688,
          0.0380,  0.1514, -0.0100,  0.1475, -0.0159,  0.0225,  0.1615, -0.0133,
          0.0073,  0.0184,  0.0070,  0.1366, -0.0139,  0.2230,  0.1144,  0.0187,
          0.1239,  0.0302,  0.3140,  0.2474,  0.0026,  0.0872, -0.0620,  0.0089,
          0.0388,  0.0063, -0.0488,  0.1220,  0.0853,  0.1331, -0.0456, -0.2143,
         -0.0039, -0.0678,  0.0583, -0.0005,  0.0070,  0.1478,  0.0449,  0.0943,
          0.0600,  0.0327, -0.0861, -0.0531,  0.0036, -0.0048, -0.3028,  0.2307,
          0.1570,  0.1538,  0.0086,  0.1734,  0.1256,  0.0865, -0.0955,  0.0262]],
       device='cuda:0'))])
end of epoch 11: val_loss 0.37128126132107026, val_acc 0.865
trigger times: 1
end of epoch 12: val_loss 0.18703179540497414, val_acc 0.92
trigger times: 0
saving model weights...
Weights: OrderedDict([('fcs.0.weight', tensor([[-1.8211e-03, -2.4350e-03, -8.2239e-03,  ...,  9.6013e-05,
          8.3109e-05,  1.2106e-04],
        [-1.6487e-02,  3.6106e-02, -3.2429e-02,  ...,  2.4651e-03,
          2.0693e-03,  9.7401e-13],
        [-3.7209e-03, -3.2352e-02, -1.7873e-02,  ..., -4.0482e-03,
         -5.4088e-03,  1.2513e-05],
        ...,
        [ 1.3073e-01,  2.2006e-01,  2.3946e-02,  ..., -2.9317e-02,
          5.1221e-03, -8.0744e-07],
        [-2.9335e-02,  1.2611e-02, -1.7043e-03,  ..., -1.3671e-02,
         -5.1898e-03,  5.3031e-07],
        [-7.5341e-02, -2.8338e-01,  5.3955e-02,  ..., -5.3205e-02,
          2.8783e-02, -1.6756e-11]], device='cuda:0')), ('fcs.0.bias', tensor([-8.9278e-02, -2.9610e-02, -1.3014e-01, -7.8609e-02, -1.6444e-01,
        -1.7134e-02, -2.5745e-01, -1.0347e-01, -6.4411e-02, -9.2218e-02,
        -4.5512e-03, -6.2454e-01, -7.1948e-02, -6.8637e-02, -1.8704e-01,
        -2.8788e-01, -3.4821e-02, -1.7929e-01, -1.8708e-01, -5.3203e-03,
        -9.5745e-02, -4.9707e-02, -6.0228e-02, -8.9755e-02, -7.2509e-03,
        -7.5031e-02, -1.2960e-01, -1.4597e-01, -1.1622e-04, -2.3996e-01,
        -1.2979e-01, -7.7597e-02, -1.8459e-01, -2.7109e-02, -3.2094e-01,
        -2.2221e-01, -3.3466e-01, -2.0257e-02, -2.7339e-04, -1.0581e-01,
        -3.0147e-01, -1.5803e-01, -1.1923e-01, -1.4254e-01, -1.1251e-01,
        -3.3809e-01, -2.2082e-01, -3.1222e-01, -8.5779e-02, -1.6612e-01,
        -5.6065e-02, -1.5680e-02, -2.2568e-01, -2.8827e-02, -3.9406e-01,
         3.3371e-02, -2.3636e-01,  1.8865e-02, -5.3214e-04, -4.3101e-05,
        -1.8130e-02, -6.3553e-02, -1.0652e-01, -2.9621e-02, -9.9036e-03,
        -1.7941e-01, -3.5394e-02, -1.8836e-01, -3.1115e-01, -3.3366e-01,
        -5.8901e-02, -8.5439e-02, -2.7159e-01, -1.7614e-01, -1.0252e-02,
        -3.7611e-02, -1.8949e-02, -3.5224e-02, -6.8610e-02, -1.7739e-02,
        -2.4347e-01, -6.5548e-04, -1.6157e-01, -8.5827e-05, -7.3342e-02,
        -1.1492e-01, -2.6805e-01, -5.9972e-03, -1.1122e-01, -1.8377e-01,
        -9.8356e-02, -2.1130e-01, -1.5230e-01, -7.1219e-02, -1.5322e-01,
        -4.6537e-02, -1.0008e-01, -4.0517e-01, -1.1719e-01, -1.2458e-01,
        -3.8017e-02, -9.4300e-02, -3.1215e-02, -1.5593e-01, -1.0206e-01,
        -1.0886e-01, -6.8573e-02, -1.5179e-01, -6.0042e-02,  1.6163e-01,
        -4.6372e-02, -9.6648e-02, -2.1686e-02, -1.3617e-01, -1.2186e-01,
        -1.2830e-02, -5.5162e-02, -8.7283e-02, -6.4233e-02, -1.5107e-01,
        -1.4995e-01, -2.1645e-01, -5.1899e-01, -1.9108e-01, -2.1342e-01,
        -1.6312e-01, -9.1617e-02, -1.8595e-01], device='cuda:0')), ('fcs.1.weight', tensor([[-3.7902e-03, -3.5740e-03, -3.8296e-02,  ..., -3.8289e-02,
         -1.4664e-02, -2.2120e-02],
        [ 4.2514e-04, -7.6653e-02, -6.2674e-02,  ...,  5.5907e-03,
         -7.8459e-02, -1.2081e-01],
        [-8.7831e-04,  3.9654e-04, -4.1531e-03,  ..., -8.6669e-02,
         -9.8346e-03, -7.7457e-03],
        ...,
        [-6.2174e-04,  6.1885e-04, -1.6054e-03,  ..., -1.2116e-02,
         -5.2959e-03, -7.0989e-03],
        [ 7.6368e-04, -5.6791e-04,  6.2085e-05,  ..., -5.2798e-03,
          2.6713e-03,  5.1821e-03],
        [ 2.0979e-04, -2.2985e-04,  2.6567e-03,  ...,  6.0571e-04,
         -2.3804e-02,  4.2946e-03]], device='cuda:0')), ('fcs.1.bias', tensor([-3.3030e-02, -1.7781e-01, -2.0692e-02, -8.9031e-03, -6.4654e-02,
        -2.6507e-02, -2.9504e-02, -6.3115e-03, -9.1986e-02,  1.2529e+00,
        -5.8317e-03, -1.3573e-02, -9.7545e-03, -6.8351e-03,  1.9509e-01,
        -3.7048e-02, -3.3217e-02, -7.5763e-02, -1.9077e-02, -1.9882e-03,
         2.5342e-04,  1.8764e-01, -2.0994e-02, -1.0859e-04, -2.5884e-02,
         1.3791e-02,  5.5230e-03, -1.3471e-01, -1.6148e-02, -1.4513e-01,
        -9.4662e-03, -3.1021e-03, -3.8627e-02, -5.1051e-02, -4.8003e-03,
        -2.5522e-02, -2.6746e-01, -1.0909e-01, -3.1120e-01, -1.7907e-02,
        -1.1490e-01, -5.9201e-03, -1.4164e-02, -7.4399e-02, -4.1142e-01,
        -6.3712e-03, -2.2395e-01, -1.1059e-01, -9.9194e-02, -6.5586e-02,
        -5.0258e-02, -2.8390e-03, -8.9940e-02, -9.1514e-04, -1.0990e-01,
        -4.1059e-02, -7.4357e-03, -1.9374e-01, -1.5038e-01, -1.3875e-02,
         1.3799e-01, -1.3509e-02, -2.0151e-02, -1.2425e-02], device='cuda:0')), ('fcs.2.weight', tensor([[ 2.6466e-01, -7.2241e-03,  1.1280e-02,  2.4931e-02,  1.4617e-01,
          6.2537e-02,  6.1404e-02,  6.2077e-03,  2.1251e-02,  2.4989e-01,
          8.8178e-03, -3.0667e-03,  1.0263e-02,  3.8089e-02,  1.4726e-02,
          5.5422e-02,  2.8632e-02, -1.0913e-01,  2.0586e-02,  4.5389e-03,
          9.9981e-04, -1.0580e-02,  7.0548e-02,  3.5433e-02,  8.8579e-02,
          2.7559e-03,  2.4709e-01,  1.3819e-01,  1.1787e-02, -1.9408e-01,
          1.7487e-02,  1.6604e-03,  7.3299e-04,  3.0340e-02,  1.0256e-01,
         -7.2146e-02, -2.1637e-03, -1.7880e-01, -1.5537e-01,  9.4836e-04,
          9.0203e-02,  2.7155e-02,  3.1148e-02,  3.4767e-02,  3.0709e-02,
          2.7212e-02, -1.8205e-01,  1.6609e-01, -7.8729e-02,  5.5702e-02,
          1.9654e-01,  1.2656e-02,  2.3875e-01, -2.3656e-04,  3.2187e-02,
          1.9428e-01,  5.4181e-02,  2.0666e-01,  5.6181e-02,  1.1239e-01,
          6.1079e-02,  7.5661e-03, -3.0220e-02, -1.2169e-02]], device='cuda:0'))])
end of epoch 13: val_loss 0.4767419031341852, val_acc 0.85
trigger times: 1
end of epoch 14: val_loss 20.00302648691619, val_acc 0.75
trigger times: 2
end of epoch 15: val_loss 0.22138327336582336, val_acc 0.9
trigger times: 3
end of epoch 16: val_loss 0.17774367039124284, val_acc 0.91
trigger times: 0
saving model weights...
Weights: OrderedDict([('fcs.0.weight', tensor([[-1.6095e-01, -1.7904e-01, -1.3797e-01,  ..., -1.0786e-02,
          1.3851e-02, -3.2403e-06],
        [-1.6395e-01, -1.4390e-01,  4.6953e-02,  ..., -1.2273e-02,
          2.7152e-02, -3.9660e-06],
        [-2.0168e-01, -1.5501e-01,  3.5265e-02,  ..., -1.1610e-02,
          1.0065e-02, -5.2368e-08],
        ...,
        [-4.5359e-02,  9.9095e-05,  2.8379e-03,  ..., -1.7356e-03,
          6.9849e-03,  9.8247e-11],
        [ 1.6157e-02, -1.0853e-01,  2.9840e-02,  ..., -5.2601e-03,
          1.4135e-02, -2.4798e-11],
        [-5.2402e-02, -6.5200e-02,  2.1376e-02,  ..., -9.1858e-03,
          1.8145e-02, -3.8950e-05]], device='cuda:0')), ('fcs.0.bias', tensor([-2.6164e-01, -4.8457e-01, -4.3148e-01, -1.4129e-01, -1.6886e-01,
        -3.1516e-02, -4.5905e-02, -3.1279e-01,  2.2397e-01, -2.4977e-01,
        -1.8646e-01, -4.4315e-01, -8.4365e-02, -2.0874e-01, -3.0913e-01,
        -2.8506e-01, -1.9851e-01, -3.8738e-01, -8.7521e-02, -1.6015e-01,
        -4.9079e-01, -2.1883e-01, -3.1993e-02, -3.5095e-01, -2.6519e-01,
        -3.1520e-01, -2.4118e-01, -2.4983e-01, -2.8378e-01, -2.5480e-01,
         7.2511e-02, -4.6587e-01, -2.7828e-01, -5.1263e-01, -5.0568e-01,
        -1.5815e-01, -5.5621e-01, -3.0012e-01, -1.2767e-02, -2.5307e-01,
        -3.7739e-01, -1.2565e-02, -1.9221e-02, -3.2275e-01, -1.8244e-01,
        -4.1196e-01, -2.0043e-01, -2.9312e-01, -4.4106e-01, -1.7311e-01,
        -4.5365e-01, -1.0592e-01, -1.6096e-01, -3.4690e-01, -4.2127e-03,
        -2.7743e-01, -3.0156e-04, -6.3131e-02, -4.2942e-01, -2.3124e-01,
        -3.5804e-01, -1.6586e-01, -3.0622e-01, -3.8420e-01, -1.1133e-01,
        -4.2045e-01, -2.7854e-01, -3.9115e-01, -4.1898e-01, -1.8633e-01,
        -4.2944e-01, -4.5856e-01, -4.7120e-01, -3.1519e-01, -3.7579e-01,
        -4.5196e-01, -2.5755e-01, -4.2953e-01, -2.7525e-01, -3.1673e-01,
        -3.7424e-01, -3.9800e-01, -3.6592e-01, -1.8584e-01, -1.7616e-01,
        -3.4106e-01, -3.3541e-01, -1.9282e-02, -3.1123e-01, -1.3496e-01,
        -1.9969e-01, -3.6591e-01, -2.0515e-01, -3.0813e-01, -4.1797e-01,
        -5.8176e-03, -2.6390e-01, -1.0456e-01, -1.2020e-02, -2.1392e-01,
        -3.7501e-01, -1.7662e-01, -1.7740e-01, -3.5947e-01, -3.0147e-01,
        -3.1708e-01, -3.2243e-01, -4.2283e-01, -1.6738e-01, -5.2362e-01,
        -2.2864e-01, -2.8472e-01, -4.7186e-01, -1.3939e-01, -3.3341e-01,
        -2.8909e-01, -3.1617e-01, -3.9190e-01, -3.3309e-01, -3.1465e-01,
        -3.0473e-01, -6.0366e-01, -1.7461e-02, -4.8618e-01, -1.9332e-01,
        -2.5503e-01, -2.4010e-01, -3.4760e-01], device='cuda:0')), ('fcs.1.weight', tensor([[-1.8636e-03, -8.4497e-04, -4.8383e-04,  ...,  4.3991e-05,
          3.2834e-04, -4.3151e-04],
        [-1.2616e-01, -1.2433e-01, -6.6546e-02,  ..., -2.8158e-02,
         -5.5821e-02, -1.0855e-01],
        [-8.3876e-03,  1.6366e-03, -2.1326e-03,  ...,  5.3889e-04,
          3.7783e-04, -6.0929e-03],
        ...,
        [-2.1359e-03, -9.3282e-04, -4.9860e-04,  ...,  2.8681e-05,
          2.9296e-04, -2.0633e-03],
        [-2.5739e-03, -3.1615e-04, -7.8374e-04,  ..., -3.1740e-04,
          6.1374e-05,  1.0689e-04],
        [-3.7266e-03,  1.6097e-03,  2.8101e-05,  ..., -2.3862e-04,
          7.0160e-04, -1.8905e-03]], device='cuda:0')), ('fcs.1.bias', tensor([-0.0701, -0.0322, -0.0274, -0.7053,  0.0464, -0.1490, -0.3811, -0.0618,
        -0.3392,  1.2641, -0.6331, -0.3320, -0.3084, -0.3593, -0.0671, -0.0269,
        -0.0448, -0.2601, -0.0486, -0.1170, -0.0355, -0.3107, -0.6813, -0.1913,
        -0.2128, -0.2648, -0.0566, -0.2415, -0.0199, -0.0557, -0.0124, -0.7258,
        -0.4836, -0.0697, -0.6765, -0.0676, -0.1862, -0.1656, -0.1892, -0.1211,
        -0.0073, -0.0788, -0.0335, -0.0317, -0.0031, -0.0925, -0.0043, -0.0834,
        -0.2885, -0.0613, -0.1063, -0.1275, -0.0849, -0.0696, -0.0256, -0.0385,
        -0.1811, -0.0197, -0.0172, -0.0247, -0.0390, -0.0373, -0.0810, -0.0575],
       device='cuda:0')), ('fcs.2.weight', tensor([[ 0.0168,  0.0519,  0.0481, -0.2242,  0.0946,  0.0823,  0.1071, -0.0064,
          0.1032,  0.2650,  0.3662,  0.1109,  0.0114,  0.0589,  0.0252,  0.0217,
          0.0398,  0.4824,  0.0312,  0.0482,  0.0122,  0.1092, -0.1838, -0.0040,
         -0.1078, -0.0234,  0.0736,  0.0891, -0.0048,  0.1003, -0.0009, -0.1055,
         -0.2081,  0.1797,  0.0211,  0.0271,  0.0044,  0.1574,  0.1539,  0.0461,
          0.0015,  0.1416,  0.0233,  0.0815,  0.0100,  0.0891,  0.0161,  0.0830,
          0.0079,  0.0419,  0.0928, -0.0953,  0.3130,  0.0776,  0.0076,  0.0287,
          0.1239, -0.0247,  0.0828,  0.0219,  0.0564,  0.0301,  0.0230,  0.0515]],
       device='cuda:0'))])
end of epoch 17: val_loss 0.19356118971530034, val_acc 0.92
trigger times: 1
end of epoch 18: val_loss 1.5904103979464332, val_acc 0.79
trigger times: 2
end of epoch 19: val_loss 0.22481077425590343, val_acc 0.895
trigger times: 3
end of epoch 20: val_loss 0.2277778788587851, val_acc 0.88
trigger times: 4
end of epoch 21: val_loss 0.2188327593028066, val_acc 0.89
trigger times: 5
end of epoch 22: val_loss 0.21004190541978254, val_acc 0.91
trigger times: 6
end of epoch 23: val_loss 0.27153746340822493, val_acc 0.9
trigger times: 7
end of epoch 24: val_loss 0.21040150328479285, val_acc 0.93
trigger times: 8
end of epoch 25: val_loss 0.4986055362317513, val_acc 0.875
trigger times: 9
end of epoch 26: val_loss 0.20512885773770326, val_acc 0.91
trigger times: 10
Early stopping.
0 -4.415751790627837 -50.00222059884506
1 -4.978546625003219 -48.823739140882175
2 -7.777720818296075 -47.15605336419176
3 -5.469172146171331 -46.19619104961985
4 -2.9335507210344076 -45.594227093057754
5 -4.280714467167854 -45.36842966452394
6 -2.2520542051643133 -45.19068756322445
7 -4.69526145234704 -44.16490839583478
8 -8.741284215822816 -44.078303125872196
9 -12.15057641081512 -43.993555290419714
10 -4.921968268230557 -43.86306534422809
11 -3.3331272155046463 -43.84874807044028
12 -3.3049099016934633 -43.84199129025074
13 -4.036208342760801 -43.806385671938365
14 -5.419088987633586 -43.80581985978556
15 -4.272742060013115 -42.7594767358323
16 -7.157179724425077 -42.66316468983175
17 -5.765511984936893 -42.33177224591743
18 -3.509342547506094 -41.774963389485094
19 -2.9516795985400677 -41.410068073767725
20 -7.731154187582433 -41.17786296442943
21 -4.270573862828314 -40.723520424948155
22 -5.461380476132035 -40.527189756101116
23 -3.4204799458384514 -40.49595848244517
24 -3.990627178340219 -40.429389880911344
25 -4.71798731200397 -40.05653450521898
26 -1.8918810095638037 -39.59232357792555
27 -4.799623655155301 -39.54162101198148
28 -4.951940611004829 -39.195237471709476
29 -1.7901467795018107 -39.172389579378766
30 -2.6708143474534154 -38.51095963496708
31 -3.39698788151145 -38.447265769744824
32 -3.061177710071206 -38.392107037026264
33 -4.662657763808966 -38.00745349944469
34 -3.37692215340212 -37.46482488602393
35 -3.1241131369024515 -37.10988160586883
36 -2.0821421172004193 -34.27116723637227
37 -4.378479011356831 -34.14139118114101
38 -1.5230844982434064 -33.263072731706835
39 -2.1684806682169437 -33.13344797200536
40 -2.413517097942531 -33.07825234291984
41 -2.1955959908664227 -33.0321314765637
42 -2.4696736447513103 -32.44934973065406
43 -1.3318368727341294 -32.4007978120153
44 -1.8933789869770408 -32.40063925734975
45 -2.417992949485779 -30.734403792103194
46 -2.671952772885561 -30.57151371770873
47 -2.432847592048347 -30.131236504472803
48 -2.7812246456742287 -29.99326722619033
49 -2.7895084489136934 -29.66908258985071
50 -0.8747015250846744 -29.297233511513635
51 -3.143862435594201 -29.288890423975797
52 -2.574282068759203 -29.145878352769948
53 -3.658490424975753 -28.49601894351319
54 -2.5169361606240273 -28.492023661124072
55 -1.8279486615210772 -28.315961465855167
56 -1.4644712451845407 -27.121110566589827
57 -1.0172727974131703 -26.064532595535336
58 -1.4725053673610091 -25.520524278341334
59 -2.4253091057762504 -25.27101421179229
60 -2.634049916639924 -25.066644278800943
61 -3.1999684860929847 -24.925849381327673
62 -1.879407661035657 -24.188105669766596
63 -2.241947055561468 -23.48479966198816
64 -0.8180255191400647 -23.153943559703283
65 -2.677123702596873 -22.954730295117237
66 -1.7090424494817853 -22.74124885266394
67 -0.6509256653953344 -22.739273544503753
68 1.9136772262863815 -22.264945050603636
69 -1.2800972417462617 -22.15569724300287
70 -0.5352088175714016 -21.055920928583344
71 -0.32194007840007544 -20.543356562348553
72 -1.8607353093102574 -20.33499633836848
73 -1.632488626986742 -20.18157658281111
74 0.6098203710280359 -19.58144410477429
75 -1.6683715712279081 -19.377225745334304
76 -1.1281063091009855 -19.243135617403095
77 -0.2895360691472888 -19.060620225371707
78 -2.1588730700314045 -18.964124524696246
79 -2.746283482760191 -18.448962308005108
80 0.49469831166788936 -17.740722019993825
81 0.462028319016099 -16.85889369985028
82 -0.8426047647371888 -16.3381194095591
83 1.50949202850461 -14.535892564189266
84 -0.5077771616633981 -14.443670567499144
85 1.5401427405886352 -14.200413010108107
86 -2.3423477113246918 -13.936976181618805
87 3.278477007523179 -13.862253042167257
88 2.8999656634405255 -13.483098530680483
89 3.536358881741762 -13.455892754889845
90 1.0588406417518854 -13.355868275096913
91 4.23779721558094 -12.278515244993585
92 1.8816308891400695 -12.227387460046547
93 1.841737783048302 -12.020717825467683
94 3.307531743659638 -11.910094799877324
95 3.981614747084677 -11.400284019256157
96 2.2718380438163877 -11.134618158086587
97 2.6867782790213823 -10.859166921158222
98 3.379775047302246 -9.595137958067907
99 4.351779073709622 -9.289921608799773
100 3.0805219240719453 -8.230877068641124
101 5.8214690731838346 -7.882363241796725
102 5.164292593486607 -7.6478984168416355
103 4.761056288029067 -7.459623237418707
104 5.955387979745865 -7.124357312750265
105 7.622215228155255 -7.05379065585803
106 4.314292246941477 -6.853091098326624
107 6.8358363369479775 -6.6211384471641495
108 7.807695240247995 -6.494555224953677
109 5.395121864043176 -6.117354180737655
110 7.051829449832439 -6.087055095509873
111 5.153468635864556 -5.43500831968483
112 8.04907824844122 -5.105291741614599
113 5.638114363886416 -4.628649413275992
114 7.86315528023988 -4.471031187897325
115 6.714675675146282 -4.455504779070034
116 9.200863394886255 -4.2805498188182405
117 8.649291295558214 -3.7944735717969627
118 8.002761816140264 -2.9512438456190186
119 7.473146572243422 -2.541618164765197
train accuracy: 0.9027777777777778
validation accuracy: 0.91
