demos: (120, 50, 11)
demo_rewards: (120,)
[-50.0022206  -48.82373914 -47.15605336 -46.19619105 -45.59422709
 -45.36842966 -45.19068756 -44.1649084  -44.07830313 -43.99355529
 -43.86306534 -43.84874807 -43.84199129 -43.80638567 -43.80581986
 -42.75947674 -42.66316469 -42.33177225 -41.77496339 -41.41006807
 -41.17786296 -40.72352042 -40.52718976 -40.49595848 -40.42938988
 -40.05653451 -39.59232358 -39.54162101 -39.19523747 -39.17238958
 -38.51095963 -38.44726577 -38.39210704 -38.0074535  -37.46482489
 -37.10988161 -34.27116724 -34.14139118 -33.26307273 -33.13344797
 -33.07825234 -33.03213148 -32.44934973 -32.40079781 -32.40063926
 -30.73440379 -30.57151372 -30.1312365  -29.99326723 -29.66908259
 -29.29723351 -29.28889042 -29.14587835 -28.49601894 -28.49202366
 -28.31596147 -27.12111057 -26.0645326  -25.52052428 -25.27101421
 -25.06664428 -24.92584938 -24.18810567 -23.48479966 -23.15394356
 -22.9547303  -22.74124885 -22.73927354 -22.26494505 -22.15569724
 -21.05592093 -20.54335656 -20.33499634 -20.18157658 -19.5814441
 -19.37722575 -19.24313562 -19.06062023 -18.96412452 -18.44896231
 -17.74072202 -16.8588937  -16.33811941 -14.53589256 -14.44367057
 -14.20041301 -13.93697618 -13.86225304 -13.48309853 -13.45589275
 -13.35586828 -12.27851524 -12.22738746 -12.02071783 -11.9100948
 -11.40028402 -11.13461816 -10.85916692  -9.59513796  -9.28992161
  -8.23087707  -7.88236324  -7.64789842  -7.45962324  -7.12435731
  -7.05379066  -6.8530911   -6.62113845  -6.49455522  -6.11735418
  -6.0870551   -5.43500832  -5.10529174  -4.62864941  -4.47103119
  -4.45550478  -4.28054982  -3.79447357  -2.95124385  -2.54161816]
maximum traj length 50
num training_obs 1800
num training_labels 1800
num val_obs 200
num val_labels 200
ModuleList(
  (0): Linear(in_features=11, out_features=128, bias=True)
  (1): Linear(in_features=128, out_features=64, bias=True)
  (2): Linear(in_features=64, out_features=1, bias=False)
)
Total number of parameters: 9856
Number of trainable paramters: 9856
device: cuda:0
end of epoch 0: val_loss 0.3485034746685311, val_acc 0.845
trigger times: 0
saving model weights...
Weights: OrderedDict([('fcs.0.weight', tensor([[ 9.4644e-03,  1.3474e-02,  3.1758e-02,  ...,  3.3836e-03,
         -9.4897e-04, -1.0958e-42],
        [-3.6752e-02,  5.9105e-02, -2.1238e-02,  ..., -8.5265e-03,
         -6.2130e-03,  7.9313e-43],
        [ 1.3398e-02,  2.4665e-02, -2.8305e-02,  ..., -7.7601e-03,
         -3.8605e-03,  1.1028e-42],
        ...,
        [ 2.5825e-02,  5.1524e-03,  4.0733e-02,  ..., -4.8509e-03,
         -7.5204e-03, -1.2878e-42],
        [-7.9509e-02,  4.2790e-02, -7.1338e-02,  ..., -2.0815e-02,
          2.0946e-02, -2.6933e-42],
        [-6.8707e-02, -2.6031e-02,  7.3938e-02,  ..., -1.8072e-02,
          2.2466e-02, -9.8792e-43]], device='cuda:0')), ('fcs.0.bias', tensor([-0.1646, -0.1649, -0.1346, -0.0789, -0.4949, -0.1145, -0.2665, -0.1823,
        -0.2817, -0.1715, -0.3970, -0.1116, -0.2024, -0.2964, -0.0674, -0.2587,
        -0.2822, -0.0924, -0.0896, -0.2291, -0.1179, -0.3168, -0.0860, -0.1054,
        -0.1201, -0.2040, -0.0761, -0.0942, -0.3762, -0.3734, -0.1678, -0.1423,
        -0.2078, -0.4917, -0.1318, -0.0085, -0.1529, -0.1453, -0.1912, -0.2818,
        -0.1874, -0.0259, -0.1924, -0.2087, -0.2212, -0.3741, -0.1761, -0.2667,
        -0.0554, -0.0844, -0.0337, -0.0861, -0.1380, -0.0712, -0.2426, -0.1298,
        -0.2608, -0.4111, -0.3197, -0.1565, -0.1459, -0.0068, -0.2446, -0.0312,
        -0.4418, -0.2080, -0.3499, -0.2199, -0.1039, -0.1801, -0.3631, -0.3936,
        -0.1170, -0.3439, -0.2477, -0.0311, -0.1923, -0.0766, -0.1312, -0.1794,
        -0.1445, -0.1785, -0.0070, -0.0775, -0.2019, -0.2376, -0.1524, -0.2913,
        -0.2082, -0.2963, -0.1838, -0.0728, -0.1804, -0.2573, -0.0385, -0.0579,
        -0.1935, -0.2656, -0.0969, -0.1993, -0.2557, -0.2220, -0.1419, -0.3710,
        -0.2678, -0.0228, -0.3439, -0.0851, -0.0528, -0.3891, -0.4157, -0.1218,
        -0.2689, -0.1576, -0.3489, -0.2086, -0.0894, -0.2457, -0.1246, -0.3821,
        -0.0395, -0.3858, -0.2765, -0.2212, -0.1445, -0.1715, -0.3499, -0.1970],
       device='cuda:0')), ('fcs.1.weight', tensor([[-0.0100, -0.0025,  0.0003,  ..., -0.0080, -0.0032, -0.0008],
        [-0.0013, -0.0036, -0.0039,  ..., -0.0074, -0.0336, -0.0318],
        [ 0.0072, -0.0020,  0.0149,  ...,  0.0089, -0.0035, -0.0005],
        ...,
        [-0.0314, -0.0810, -0.0624,  ..., -0.0027, -0.0445, -0.0351],
        [-0.0031, -0.0002, -0.0050,  ..., -0.0007, -0.0045, -0.0042],
        [ 0.0115, -0.0200, -0.0076,  ..., -0.0048, -0.0171, -0.0030]],
       device='cuda:0')), ('fcs.1.bias', tensor([-0.0170, -0.0797, -0.0556, -0.2190, -0.0377, -0.0816,  0.4583, -0.2700,
        -0.0279, -0.1147, -0.0287, -0.0161, -0.0699, -0.1865, -0.0252, -0.0648,
         0.7545, -0.0509, -0.0393, -0.0835, -0.3029, -0.0933, -0.0423, -0.4776,
        -0.0732, -0.1900, -0.0113, -0.0166, -0.0245, -0.0505, -0.0517, -0.2883,
        -0.0302, -0.0671, -0.2888, -0.1075, -0.0912, -0.0330, -0.3068, -0.0314,
        -0.1799, -0.0922, -0.1519, -0.1050, -0.1310, -0.1381, -0.2800, -0.3657,
        -0.0362, -0.0768, -0.0487, -0.1186, -0.0760, -0.0263, -0.0208, -0.0678,
        -0.0106, -0.0941, -0.2836, -0.0186,  0.0469,  0.5569, -0.0474, -0.0512],
       device='cuda:0')), ('fcs.2.weight', tensor([[ 0.0172,  0.0245,  0.0136, -0.1280,  0.0006,  0.1136,  0.1308, -0.0708,
          0.0163,  0.0575, -0.0682,  0.0126,  0.0251,  0.0130,  0.0289,  0.0652,
          0.2632,  0.0493,  0.1099, -0.0032, -0.0454, -0.2231,  0.0212, -0.0303,
          0.0653,  0.1975,  0.0173,  0.0147,  0.0115,  0.1618,  0.0424, -0.0274,
          0.0766,  0.0105, -0.0135,  0.0621,  0.2488,  0.0375, -0.0435,  0.0062,
         -0.0428, -0.0257,  0.1538,  0.1767,  0.2020,  0.2567,  0.0330,  0.1036,
          0.0601,  0.0077, -0.0040, -0.0009,  0.1163,  0.0056,  0.0073, -0.0657,
          0.0013,  0.0035, -0.0615,  0.0467,  0.0172,  0.1539,  0.0553,  0.0706]],
       device='cuda:0'))])
end of epoch 1: val_loss 0.3211021682567315, val_acc 0.875
trigger times: 0
saving model weights...
Weights: OrderedDict([('fcs.0.weight', tensor([[ 1.0876e-01,  9.3512e-02, -3.0489e-01,  ..., -1.5635e-02,
         -7.0617e-02,  2.5588e-42],
        [-5.8895e-02, -2.3263e-01, -1.6163e-01,  ..., -3.2795e-02,
          6.9707e-02,  1.7993e-42],
        [-1.5408e-02, -8.4521e-02,  5.0745e-02,  ..., -1.7359e-02,
          2.1871e-02,  5.0867e-43],
        ...,
        [-5.7604e-02, -1.5072e-01, -1.1717e-01,  ...,  1.4226e-02,
          8.1220e-03, -1.7965e-42],
        [ 4.2137e-02, -1.9083e-01, -1.2313e-01,  ..., -1.8455e-02,
          1.0745e-02,  3.9923e-42],
        [ 2.7786e-01,  4.0660e-01, -2.8805e-01,  ...,  1.4204e-02,
          1.0576e-01,  1.7572e-42]], device='cuda:0')), ('fcs.0.bias', tensor([-0.2591, -0.7961, -0.5172, -0.2266, -0.0081, -0.7384, -0.3706, -0.0516,
        -0.3017, -0.2979, -0.2049, -0.5084, -0.3378, -0.4325, -0.3041, -0.2739,
        -0.1335, -0.2986, -0.5772, -0.0746, -0.7480, -0.6444, -0.7945, -0.3686,
        -0.4023, -0.4698, -0.4461, -0.5653, -0.5322, -0.2732, -0.3953, -0.3540,
        -0.0991, -0.2989, -0.2906, -0.4720, -0.6399, -0.6077, -0.2497, -0.0483,
        -0.1166, -0.8113, -0.4682, -0.2034, -0.1838, -0.3548, -0.4042, -0.6809,
        -0.4293, -0.6285, -0.0208, -0.7847, -0.7537, -0.4086, -0.2353, -0.1011,
        -0.0710, -0.4381, -0.2785, -0.4902, -0.5528, -0.6441, -0.5922, -0.4914,
        -0.3410, -0.3922, -0.2504, -0.1481, -0.3183, -0.7937, -0.3864, -0.5562,
        -0.3601, -0.0193, -0.7649, -0.7153, -0.5130, -0.5973, -0.6415, -0.1659,
        -0.2631, -0.4777, -0.6276, -0.4271, -0.3101, -0.5997, -0.3317, -0.5206,
        -0.0901, -0.5824, -0.6933, -0.6619, -0.4439, -0.5377, -0.4927, -0.6702,
        -0.4634, -0.4825, -0.6704, -0.2759, -0.4448, -0.4053, -0.4724, -0.4598,
        -0.0972, -0.3340, -0.4112, -0.7636, -0.4720, -0.3811, -0.4563, -0.7025,
        -0.2032, -0.4660, -0.4600, -0.1203, -0.2834, -0.6083, -0.5567, -0.5251,
        -0.3493, -0.2075, -0.3161, -0.7151, -0.6736, -0.4959, -0.3921, -0.3649],
       device='cuda:0')), ('fcs.1.weight', tensor([[-0.1784,  0.0391,  0.0172,  ...,  0.0124, -0.1056, -0.0208],
        [-0.2406,  0.0399,  0.0219,  ...,  0.0141, -0.2266, -0.0089],
        [-0.0525,  0.0017, -0.0099,  ...,  0.0016, -0.0084, -0.0021],
        ...,
        [-0.3226,  0.0346, -0.1195,  ..., -0.2125, -0.2453, -0.2961],
        [-0.2670, -0.1811, -0.0917,  ..., -0.0681, -0.0081, -0.2290],
        [-0.3008,  0.0923,  0.0919,  ...,  0.1209, -0.0597, -0.2011]],
       device='cuda:0')), ('fcs.1.bias', tensor([-0.2531, -0.3154, -0.0428, -0.0610, -0.3872, -0.1761,  0.1907, -0.2032,
        -0.6068, -0.2242, -0.2907, -0.1442, -0.0510, -0.2154, -0.3190, -0.2685,
         1.1667, -0.0140, -0.0146, -0.0032, -0.0570, -0.1465, -0.0108, -0.1223,
        -0.0480, -0.0785, -0.3198, -0.1999, -0.1981, -0.3673, -0.4909, -0.1025,
        -0.0939, -0.0115, -0.0643, -0.0574, -0.0327, -0.0087, -0.0261, -0.0115,
        -0.8016, -0.2229, -0.2754, -0.0874, -0.1098, -0.2875, -0.1356, -0.2813,
        -0.3696, -0.1888, -0.2457, -0.0136, -0.0571, -0.4302, -0.3166, -0.2605,
        -0.0144, -0.0289, -0.1120, -0.1333, -0.6480,  0.6912, -0.1988, -0.3382],
       device='cuda:0')), ('fcs.2.weight', tensor([[ 0.2028,  0.2208,  0.0087,  0.0040, -0.0346, -0.0743, -0.0576,  0.0229,
         -0.1806, -0.2252,  0.0913,  0.0238,  0.0205,  0.1277, -0.1861,  0.0993,
          0.4218,  0.0522,  0.0118, -0.0005, -0.1040, -0.0750, -0.0110,  0.0270,
         -0.0137,  0.1972,  0.0323,  0.1533,  0.1710,  0.0443, -0.0747,  0.0426,
          0.0271,  0.0107, -0.0058,  0.0111,  0.0088,  0.0008, -0.0233, -0.0046,
          0.1960,  0.1100,  0.1028,  0.0027,  0.1341,  0.1501, -0.0226, -0.2159,
         -0.1818,  0.1386, -0.0106,  0.0246, -0.0269,  0.1342,  0.1592,  0.1692,
          0.0047,  0.0175,  0.0851, -0.1735, -0.2019,  0.2191, -0.1851, -0.0620]],
       device='cuda:0'))])
end of epoch 2: val_loss 0.3050720709886355, val_acc 0.85
trigger times: 0
saving model weights...
Weights: OrderedDict([('fcs.0.weight', tensor([[-1.4484e-01,  1.0966e-01, -1.1844e-02,  ...,  7.2617e-04,
         -1.0991e-01, -1.0433e-41],
        [-8.7943e-03,  9.2512e-03,  1.0506e-02,  ...,  3.4900e-04,
          3.8511e-03, -1.5933e-42],
        [-3.2984e-02, -7.4662e-02, -1.5201e-02,  ..., -1.4273e-03,
         -8.9255e-03, -2.4018e-42],
        ...,
        [-8.2336e-02,  9.7176e-02, -3.1847e-02,  ...,  6.7454e-02,
         -2.0412e-01,  4.7224e-43],
        [-3.5708e-02, -1.5459e-01,  7.1069e-04,  ...,  2.5989e-03,
          7.0539e-03,  6.4165e-42],
        [-1.0479e-02,  1.2045e-01, -4.7304e-03,  ..., -5.8816e-03,
          1.9964e-03, -1.0510e-43]], device='cuda:0')), ('fcs.0.bias', tensor([-1.6522e-01, -6.9839e-02, -2.2509e-01, -4.0934e-01, -2.7422e-01,
        -4.0075e-02, -1.4485e-01, -2.1475e-01, -2.9180e-01, -2.8547e-01,
        -2.7848e-01, -2.8756e-01, -2.4704e-01, -2.6302e-01, -2.6854e-01,
        -2.6811e-01, -3.1220e-01, -2.5346e-01, -2.3810e-01, -2.1874e-01,
        -5.3407e-02, -1.9950e-01, -9.2520e-02, -3.2505e-02, -1.3616e-02,
        -3.6029e-01, -1.9336e-01, -2.2819e-01, -3.8404e-01, -2.9822e-01,
        -3.0430e-01, -4.1556e-01, -2.2910e-01, -3.3617e-01, -1.4338e-01,
        -2.6110e-01, -6.4789e-03, -2.3995e-01, -8.2188e-02, -4.8772e-04,
        -5.7167e-01, -5.3310e-02, -2.2188e-01, -2.6183e-01, -4.1120e-02,
        -1.2432e-01, -3.3386e-01, -2.8872e-02, -1.1438e-01, -2.4548e-01,
        -2.8649e-01, -2.9852e-01, -1.7849e-01, -5.9369e-02, -2.3923e-01,
        -2.8244e-02, -3.9424e-01, -2.1705e-01, -4.3309e-01, -1.8614e-02,
        -1.6414e-02, -2.4367e-01, -2.5576e-01, -3.2434e-01, -2.3348e-01,
        -9.3349e-02, -1.7690e-02, -5.1583e-01, -7.1540e-02, -3.9534e-01,
        -2.8141e-02, -6.8662e-01, -1.6843e-01, -2.7529e-01, -7.6681e-02,
        -3.5308e-01, -1.5075e-02, -3.1587e-01, -1.0690e-01, -2.1115e-03,
        -2.7851e-01, -2.4290e-01, -2.1645e-01, -1.0485e-01, -4.3965e-02,
        -1.9164e-01, -3.7255e-01, -2.1490e-01, -1.1744e-02, -7.9876e-02,
        -2.6879e-01, -2.3001e-02, -2.8644e-01, -3.2170e-01, -1.9536e-01,
        -6.8498e-02, -2.8160e-01, -2.7909e-01, -3.8541e-01, -2.1970e-01,
        -7.5122e-02, -2.5461e-01, -3.0494e-02, -3.9449e-02, -2.0100e-01,
        -2.1689e-01, -2.2028e-01, -8.4127e-02, -3.4187e-01, -3.7673e-02,
        -3.4701e-01, -1.8802e-01, -1.7645e-01, -2.1940e-01, -2.9685e-01,
        -2.6268e-03, -1.1530e-01, -3.0362e-01, -2.6743e-02, -3.0898e-02,
        -5.2355e-01, -1.5442e-01, -1.0367e-01, -7.8924e-02, -2.2702e-02,
        -4.2608e-01, -2.5260e-01, -2.1690e-01], device='cuda:0')), ('fcs.1.weight', tensor([[-1.0933e-02, -1.1528e-01, -1.6563e-01,  ...,  1.1336e-02,
         -2.2220e-01, -2.6225e-01],
        [ 3.5667e-03,  6.3419e-04, -1.8213e-02,  ...,  3.1647e-02,
         -1.1435e-02,  8.8697e-04],
        [-2.5152e-03,  3.8596e-03, -3.3404e-03,  ...,  4.0516e-02,
          3.0462e-03,  7.7427e-03],
        ...,
        [-1.9838e-01,  5.6353e-03, -1.3505e-02,  ...,  5.6253e-02,
         -9.0378e-03, -5.7630e-03],
        [-2.7221e-03, -3.8882e-04,  2.2105e-02,  ...,  1.3847e-02,
          2.2900e-03,  3.0526e-03],
        [-1.5588e-02, -3.1978e-05, -7.4949e-04,  ..., -2.7192e-03,
          1.5366e-04, -2.2454e-03]], device='cuda:0')), ('fcs.1.bias', tensor([-1.4926e-01, -1.4941e-01, -1.0237e-01, -9.8882e-03, -3.2046e-02,
        -5.2731e-02,  6.2864e-02, -4.0698e-02, -1.1432e-01, -2.9416e-01,
        -6.0308e-02, -1.1645e-01, -3.2551e-02, -1.5286e-01, -2.0376e-02,
         8.4384e-03,  1.0204e+00, -5.0535e-02, -1.2632e-02, -2.8417e-02,
        -1.1043e-01, -2.4936e-02, -1.8938e-01, -6.4812e-02, -3.1821e-01,
        -1.3467e-01, -1.0900e-02, -9.6049e-02, -2.9417e-02, -2.1166e-01,
        -1.5814e-01, -2.1355e-02, -2.0326e-01, -4.2155e-01, -1.2722e-03,
        -2.1177e-01, -2.4741e-01, -2.0560e-04,  1.0722e-01, -2.7711e-01,
        -2.1520e-01, -8.8405e-02, -2.7747e-01, -5.6528e-01, -8.6358e-02,
        -2.1817e-01, -3.0754e-01, -2.5654e-01, -6.8409e-02, -2.0206e-01,
        -2.7613e-01, -3.6139e-02, -2.2462e-01, -2.3806e-01, -3.2647e-01,
        -8.1650e-02, -1.8600e-02, -5.5576e-03, -2.5542e-01, -2.9726e-01,
        -2.9606e-01,  4.5808e-01, -8.8932e-02, -1.2519e-01], device='cuda:0')), ('fcs.2.weight', tensor([[-1.7712e-02,  1.6787e-02,  7.2193e-02, -2.0416e-02,  3.2659e-02,
          4.9557e-03, -2.0709e-02,  3.6693e-02, -2.2726e-02,  1.2306e-01,
          9.3077e-02, -8.3115e-02,  8.7426e-02,  8.0187e-02,  1.3381e-02,
         -4.6065e-03,  3.0836e-01,  6.7596e-02, -4.3462e-03,  8.9147e-04,
         -1.8451e-02,  5.2028e-02, -5.3966e-02, -5.5996e-02, -1.6479e-01,
          1.6342e-01,  4.2080e-03,  3.0019e-02,  3.0136e-02,  3.6196e-02,
         -4.3415e-02,  3.7408e-02,  3.0305e-01, -2.0162e-01,  7.7380e-04,
          1.0511e-01,  2.3108e-01,  1.7118e-04,  5.2125e-03,  1.7918e-01,
          2.0139e-01, -1.0686e-02, -2.0087e-03, -1.7909e-01,  4.3299e-02,
          1.9582e-01,  8.5433e-02, -8.9193e-02, -1.5419e-01,  1.5100e-01,
          1.8979e-01,  1.7222e-02, -2.5841e-02,  1.1418e-01, -1.4727e-01,
          1.2338e-01, -1.9465e-03,  2.7935e-03, -6.1284e-02, -1.6081e-01,
         -1.3890e-01,  1.4265e-01,  9.6661e-02, -4.3003e-03]], device='cuda:0'))])
end of epoch 3: val_loss 0.46195279372361603, val_acc 0.855
trigger times: 1
end of epoch 4: val_loss 0.30663199337216723, val_acc 0.855
trigger times: 2
end of epoch 5: val_loss 0.21378860276224596, val_acc 0.895
trigger times: 0
saving model weights...
Weights: OrderedDict([('fcs.0.weight', tensor([[-7.4660e-02,  1.3992e-01, -5.5094e-02,  ..., -5.8065e-04,
         -6.9774e-03,  1.1268e-10],
        [-2.9935e-02, -3.0534e-02, -4.7968e-03,  ..., -4.6693e-04,
          2.8945e-04, -4.7419e-11],
        [-9.9253e-02, -9.1933e-02, -2.8881e-02,  ...,  5.6602e-03,
         -1.8568e-03,  3.0058e-10],
        ...,
        [ 3.8121e-02,  4.8390e-03, -2.2197e-03,  ..., -7.7070e-04,
         -8.9202e-03, -2.4936e-09],
        [-9.2849e-02,  1.4159e-02, -1.6306e-02,  ...,  1.9545e-03,
          1.4140e-03,  2.1869e-05],
        [-1.3079e-01, -1.3415e-01, -1.2623e-02,  ...,  1.2929e-02,
         -1.1901e-03, -6.1846e-17]], device='cuda:0')), ('fcs.0.bias', tensor([-3.0383e-01, -1.1275e-01, -2.4429e-01, -2.6288e-01, -1.5940e-01,
        -1.9394e-01, -2.2371e-01, -4.2016e-01, -1.0718e-01, -1.3452e-01,
        -1.0462e-01, -9.3188e-02, -2.3278e-01, -2.9255e-01, -2.2368e-01,
        -8.2352e-02, -1.9346e-01, -1.7059e-01, -1.2585e-01, -1.0083e-01,
        -1.0740e-01, -2.3905e-01, -8.1269e-02, -2.3127e-01, -1.1031e-01,
        -5.8124e-01, -1.5101e-01, -2.6891e-02, -3.5997e-01, -1.2555e-01,
        -8.5514e-02, -2.1391e-01, -2.2590e-02, -2.7294e-01, -1.7709e-01,
        -2.5563e-02, -1.7184e-03, -2.4922e-01, -4.5191e-01, -1.7060e-03,
        -1.5145e-01, -1.1541e-03, -2.3508e-01, -3.4166e-02, -4.2809e-02,
        -3.8088e-01, -1.5307e-01, -1.2756e-04,  2.3652e-01, -2.9544e-01,
        -2.9121e-01, -2.9890e-01, -2.2589e-01, -5.1414e-01, -3.3593e-01,
        -3.2980e-01, -2.5028e-03, -2.2646e-01, -2.0142e-01, -2.6661e-01,
        -3.0749e-01, -1.7033e-01, -3.3886e-01, -3.1537e-01, -1.8996e-01,
        -2.6886e-01, -3.0051e-01, -1.0383e-01, -1.2832e-01, -3.2592e-01,
        -1.1260e-01, -7.6123e-01, -2.3530e-01, -4.4393e-03, -8.2690e-02,
        -3.5504e-01, -1.2812e-01, -3.3482e-01, -2.3431e-01, -2.2209e-01,
        -1.7682e-01, -2.9626e-01, -2.9884e-01, -2.2730e-01, -2.6329e-01,
        -2.0455e-01, -2.0502e-01, -4.2643e-01, -1.8906e-01, -6.3896e-02,
        -6.1701e-02, -2.1800e-01, -2.1533e-01, -3.9186e-01, -1.1607e-01,
        -2.0086e-01, -3.4259e-01, -2.3878e-01, -1.0715e-01, -9.8069e-02,
        -2.9689e-01, -8.7312e-02, -2.3946e-01, -2.4027e-01, -2.0570e-01,
        -2.4824e-01, -3.2513e-01, -1.5363e-01, -3.8573e-01, -9.6166e-02,
        -3.0330e-01, -1.2985e-01, -1.4002e-01, -2.1878e-02, -2.4504e-02,
        -1.6442e-01, -1.5974e-01, -3.1236e-01, -2.9868e-01, -1.1062e-01,
        -5.6011e-02, -3.1879e-01, -1.1983e-01, -1.9342e-01, -2.4794e-01,
        -5.4379e-02, -1.6980e-01, -2.8105e-01], device='cuda:0')), ('fcs.1.weight', tensor([[-8.5789e-02,  1.1645e-04,  1.3539e-02,  ..., -1.0529e-02,
         -1.5032e-02, -5.6536e-02],
        [ 5.4224e-03, -2.0340e-01, -1.5005e-01,  ...,  2.6815e-02,
         -4.2873e-02, -5.9091e-02],
        [-2.8691e-03,  3.9105e-07, -1.0171e-04,  ..., -3.8685e-03,
         -2.6749e-05, -3.0207e-03],
        ...,
        [-9.9666e-03, -1.0536e-03, -5.3654e-02,  ..., -2.0032e-02,
         -2.2013e-03, -1.0463e-01],
        [-2.2166e-04, -5.9192e-05, -8.5150e-03,  ...,  5.2929e-03,
          1.0009e-03,  6.1152e-03],
        [ 4.7849e-03, -6.2793e-04,  2.0110e-02,  ..., -3.8870e-03,
         -1.5653e-03, -2.1624e-02]], device='cuda:0')), ('fcs.1.bias', tensor([-0.2764, -0.3407, -0.0132, -0.4631, -0.0856, -0.0309, -0.4179, -0.1042,
        -0.0410, -0.1236, -0.5240, -0.0109, -0.1371, -0.2508, -0.0373, -0.0732,
         1.4654, -0.1025, -0.0213, -0.1006, -0.1803, -0.1263, -0.3511, -0.1215,
        -0.2437, -0.1120, -0.0359, -0.1737, -0.1374, -0.2048, -0.1153, -0.1165,
        -0.1044, -0.0891, -0.3793, -0.2153, -0.1426, -0.1930, -0.0835, -0.0909,
        -0.2329, -0.0200, -0.0968, -0.1497, -0.3243, -0.1973, -0.0661, -0.2579,
        -0.2344, -0.0121, -0.3119, -0.0696, -0.0973, -0.3580, -0.1430, -0.0085,
        -0.0971, -0.0246, -0.1307, -0.0799, -0.1513, -0.0041, -0.0941, -0.3155],
       device='cuda:0')), ('fcs.2.weight', tensor([[ 0.1652,  0.0253,  0.0005, -0.2734,  0.1406,  0.0784, -0.0270,  0.2566,
          0.1425, -0.1597,  0.0873,  0.0236, -0.1108,  0.0029,  0.0580,  0.1491,
          0.2383,  0.1254,  0.0380,  0.0957, -0.1324,  0.1006, -0.0921,  0.0511,
          0.0126,  0.0901,  0.0300,  0.1820,  0.1395, -0.0740, -0.0336, -0.0206,
          0.0325,  0.1309, -0.1776,  0.0766, -0.1638, -0.1318,  0.2228, -0.0865,
          0.1038,  0.0215, -0.0932, -0.1580, -0.1637,  0.1022,  0.0582, -0.0604,
          0.0283,  0.0187, -0.0673,  0.1995,  0.0162,  0.0708,  0.0888,  0.0085,
          0.1307, -0.0078, -0.0380, -0.0476, -0.0420,  0.0433, -0.0830,  0.1118]],
       device='cuda:0'))])
end of epoch 6: val_loss 0.2519174873363863, val_acc 0.89
trigger times: 1
end of epoch 7: val_loss 0.279309397332323, val_acc 0.875
trigger times: 2
end of epoch 8: val_loss 0.2067077157391239, val_acc 0.905
trigger times: 0
saving model weights...
Weights: OrderedDict([('fcs.0.weight', tensor([[ 2.8047e-03,  2.6391e-03,  2.4504e-02,  ...,  1.7985e-04,
          5.4708e-04, -3.9654e-09],
        [ 1.3663e-03, -1.2736e-02, -5.0646e-02,  ..., -1.3398e-04,
         -1.3641e-03, -3.5336e-09],
        [-1.2151e-01, -2.1887e-01, -5.9564e-02,  ..., -7.9106e-02,
         -2.5967e-03, -1.8465e-08],
        ...,
        [-2.6271e-02, -8.6351e-03, -2.7151e-02,  ..., -2.1894e-03,
          1.3745e-03,  7.7367e-07],
        [ 1.1372e-01,  1.1726e-01, -2.0930e-02,  ..., -1.5736e-02,
         -1.0296e-02,  1.6800e-05],
        [-4.4611e-02,  2.0596e-02,  3.6281e-02,  ...,  7.0059e-04,
          1.1322e-04, -1.1555e-08]], device='cuda:0')), ('fcs.0.bias', tensor([-0.0552, -0.1862, -0.1995, -0.2112, -0.2942, -0.3051, -0.3899, -0.1757,
        -0.2337, -0.0794, -0.0313, -0.2562, -0.2380,  0.0023, -0.3949, -0.2496,
        -0.1628, -0.1531, -0.1676, -0.2032, -0.2142, -0.1002, -0.2626, -0.2108,
        -0.2757, -0.0138, -0.2480, -0.1857, -0.2070, -0.3686, -0.2651, -0.0855,
        -0.2767, -0.2665, -0.1519, -0.2417, -0.2801, -0.1606, -0.1483, -0.3715,
        -0.2138, -0.2379, -0.2981, -0.1869, -0.0912, -0.2384, -0.3797, -0.3039,
        -0.1290, -0.2051, -0.2441, -0.2682, -0.4172, -0.4424,  0.0959, -0.2473,
        -0.3219, -0.1441, -0.1922, -0.3928, -0.4314, -0.2192, -0.2698, -0.2366,
        -0.3447, -0.1671, -0.2142, -0.2651, -0.3095, -0.0340, -0.2271, -0.8083,
        -0.0737, -0.1810, -0.0927, -0.2547, -0.2038, -0.2897, -0.2119, -0.1681,
        -0.3035, -0.1684, -0.1919, -0.3773, -0.1539, -0.2274, -0.3412, -0.2230,
        -0.2615, -0.3008, -0.0641, -0.2640, -0.2173, -0.3254,  0.1679, -0.4289,
        -0.0798, -0.3223, -0.2447, -0.2609, -0.2487, -0.3541, -0.4113, -0.1853,
        -0.3414, -0.1299, -0.3475, -0.3753, -0.2601, -0.1546, -0.1450, -0.2799,
        -0.1712, -0.1915, -0.4726, -0.2035, -0.2051, -0.3044, -0.2255, -0.3196,
        -0.2312, -0.2545, -0.4483, -0.2780, -0.3505, -0.1399, -0.5061, -0.2202],
       device='cuda:0')), ('fcs.1.weight', tensor([[ 1.2979e-06, -5.9671e-05, -1.4748e-03,  ...,  6.1653e-05,
         -2.7814e-03, -2.5222e-06],
        [ 1.2102e-03, -2.6598e-03, -5.9615e-03,  ...,  1.8825e-04,
         -1.0236e-04, -7.7904e-05],
        [ 4.7053e-05,  1.1782e-03,  2.3261e-02,  ..., -6.6310e-04,
         -9.4699e-03, -5.1645e-03],
        ...,
        [-1.8750e-07,  1.0954e-04,  1.2541e-02,  ..., -4.0555e-04,
         -1.8621e-02,  2.1227e-04],
        [ 1.8687e-03,  6.1122e-03, -4.4283e-02,  ...,  4.0206e-03,
         -1.7081e-01, -1.8530e-03],
        [-2.7781e-05, -6.7098e-04, -2.1052e-02,  ...,  7.2250e-04,
         -4.8415e-03, -1.9983e-04]], device='cuda:0')), ('fcs.1.bias', tensor([-0.0122, -0.0323, -0.0824, -0.2861, -0.0230, -0.0084, -0.0556, -0.1595,
        -0.0606, -0.1742, -0.0074, -0.1288, -0.0386, -0.1932,  0.0183, -0.0278,
         1.4039, -0.1178, -0.0084, -0.0620, -0.0408,  0.0074, -0.0875, -0.1896,
        -0.2786, -0.1162, -0.0150, -0.0801, -0.0310, -0.0279,  0.2375,  0.0265,
        -0.0181, -0.1159, -0.0104, -0.1294,  0.2201, -0.0053, -0.0337, -0.0157,
        -0.0096, -0.1950, -0.2391,  0.0151, -0.1463, -0.0713, -0.0045, -0.2681,
        -0.1050,  0.1680, -0.0307, -0.0089, -0.0214, -0.0283, -0.0241, -0.0106,
        -0.1030, -0.0385, -0.0837, -0.0714, -0.0932, -0.0749, -0.1051, -0.0960],
       device='cuda:0')), ('fcs.2.weight', tensor([[-0.0124, -0.0313,  0.1474, -0.0048, -0.0266, -0.0150,  0.1379,  0.0879,
         -0.0382,  0.0035,  0.0138,  0.2115,  0.0535, -0.1141, -0.0185, -0.0250,
          0.1858,  0.0383, -0.0114, -0.0291,  0.0953, -0.0026, -0.1791,  0.0119,
          0.1022,  0.1482, -0.0323,  0.1934,  0.0639,  0.0407,  0.1504,  0.0426,
          0.0689, -0.0632, -0.0290, -0.1049,  0.0097, -0.0083, -0.0522,  0.0268,
          0.0033,  0.0922,  0.1296, -0.1165, -0.0717,  0.0349,  0.0137,  0.0714,
          0.2305, -0.0660,  0.0236, -0.0086,  0.0496,  0.0576, -0.0934,  0.0253,
          0.0643, -0.0273, -0.0196, -0.1455, -0.0998,  0.0620, -0.1385, -0.1022]],
       device='cuda:0'))])
end of epoch 9: val_loss 0.22871656306735272, val_acc 0.885
trigger times: 1
end of epoch 10: val_loss 0.2953473576428472, val_acc 0.86
trigger times: 2
end of epoch 11: val_loss 0.2904969670793105, val_acc 0.86
trigger times: 3
end of epoch 12: val_loss 0.30251709359812123, val_acc 0.865
trigger times: 4
end of epoch 13: val_loss 0.7328109909159849, val_acc 0.81
trigger times: 5
end of epoch 14: val_loss 0.2406445800403975, val_acc 0.865
trigger times: 6
end of epoch 15: val_loss 0.2912454249863367, val_acc 0.86
trigger times: 7
end of epoch 16: val_loss 0.5361120292797614, val_acc 0.85
trigger times: 8
end of epoch 17: val_loss 0.32343678206883875, val_acc 0.875
trigger times: 9
end of epoch 18: val_loss 0.33572237012791406, val_acc 0.89
trigger times: 10
Early stopping.
0 -3.2032728595659137 -50.00222059884506
1 -4.844787746551447 -48.823739140882175
2 -5.156407937407494 -47.15605336419176
3 -5.886762185313273 -46.19619104961985
4 -2.606879347935319 -45.594227093057754
5 -5.0325507409870625 -45.36842966452394
6 -0.41105325520038605 -45.19068756322445
7 -7.142551155760884 -44.16490839583478
8 -11.028486624360085 -44.078303125872196
9 -14.883276557549834 -43.993555290419714
10 -7.896711442619562 -43.86306534422809
11 -3.1399953588843346 -43.84874807044028
12 -0.5499256001785398 -43.84199129025074
13 -4.055222664028406 -43.806385671938365
14 -8.686606906354427 -43.80581985978556
15 -1.6572705619037151 -42.7594767358323
16 -7.346896062605083 -42.66316468983175
17 -3.255630735307932 -42.33177224591743
18 -2.6508730221539736 -41.774963389485094
19 -0.39313591830432415 -41.410068073767725
20 -4.4286029897630215 -41.17786296442943
21 -2.905590930953622 -40.723520424948155
22 -3.479431767947972 -40.527189756101116
23 -1.6520532565191388 -40.49595848244517
24 -3.5761753357946873 -40.429389880911344
25 -3.4822099413722754 -40.05653450521898
26 1.138271149713546 -39.59232357792555
27 -3.691539628431201 -39.54162101198148
28 -5.362748887389898 -39.195237471709476
29 1.1921051675453782 -39.172389579378766
30 -0.25889422185719013 -38.51095963496708
31 -2.0349425617605448 -38.447265769744824
32 -0.14844508096575737 -38.392107037026264
33 -4.628823617473245 -38.00745349944469
34 -2.218583706766367 -37.46482488602393
35 -4.157021801918745 -37.10988160586883
36 0.896765423938632 -34.27116723637227
37 -2.991126555018127 -34.14139118114101
38 2.001708289142698 -33.263072731706835
39 1.3118807282298803 -33.13344797200536
40 -1.7051401073113084 -33.07825234291984
41 0.27416667621582747 -33.0321314765637
42 -1.6441474985331297 -32.44934973065406
43 4.440025535412133 -32.4007978120153
44 1.2259066943079233 -32.40063925734975
45 -0.20844142884016037 -30.734403792103194
46 -0.1009642668068409 -30.57151371770873
47 -1.2079362040385604 -30.131236504472803
48 0.4819487389177084 -29.99326722619033
49 0.18896307051181793 -29.66908258985071
50 3.346167517825961 -29.297233511513635
51 -0.36155797727406025 -29.288890423975797
52 1.2683411240577698 -29.145878352769948
53 -1.75787621922791 -28.49601894351319
54 -2.0945913400501013 -28.492023661124072
55 0.6492780377157032 -28.315961465855167
56 2.369797132909298 -27.121110566589827
57 3.5127772195264697 -26.064532595535336
58 1.2564047062769532 -25.520524278341334
59 2.6558126425370574 -25.27101421179229
60 1.3791303467005491 -25.066644278800943
61 -0.8406809326261282 -24.925849381327673
62 1.8013689890503883 -24.188105669766596
63 2.283002693206072 -23.48479966198816
64 4.755458706989884 -23.153943559703283
65 1.8615017291158438 -22.954730295117237
66 0.05555477365851402 -22.74124885266394
67 6.166935747954994 -22.739273544503753
68 9.0285241343081 -22.264945050603636
69 1.3746562516316772 -22.15569724300287
70 8.121497793123126 -21.055920928583344
71 6.2625488275662065 -20.543356562348553
72 4.646931439638138 -20.33499633836848
73 0.5634704073891044 -20.18157658281111
74 6.599933144170791 -19.58144410477429
75 0.7346032941713929 -19.377225745334304
76 4.545362982433289 -19.243135617403095
77 3.575058650225401 -19.060620225371707
78 -1.5168063761666417 -18.964124524696246
79 -0.24108539521694183 -18.448962308005108
80 10.1199263734743 -17.740722019993825
81 12.577810430899262 -16.85889369985028
82 7.489798065274954 -16.3381194095591
83 11.990898534655571 -14.535892564189266
84 8.42623482644558 -14.443670567499144
85 7.147419705521315 -14.200413010108107
86 1.29882676852867 -13.936976181618805
87 14.99826908390969 -13.862253042167257
88 12.434238226152956 -13.483098530680483
89 9.53026707097888 -13.455892754889845
90 10.265342163853347 -13.355868275096913
91 14.486769242677838 -12.278515244993585
92 12.235839577391744 -12.227387460046547
93 13.464040242135525 -12.020717825467683
94 17.400318881496787 -11.910094799877324
95 15.538100639358163 -11.400284019256157
96 11.814630293520167 -11.134618158086587
97 15.059605615213513 -10.859166921158222
98 18.448817351832986 -9.595137958067907
99 14.724981895647943 -9.289921608799773
100 11.13442138954997 -8.230877068641124
101 15.212347554974258 -7.882363241796725
102 15.398556762374938 -7.6478984168416355
103 15.086777499411255 -7.459623237418707
104 14.404017997905612 -7.124357312750265
105 19.043816681951284 -7.05379065585803
106 14.237761333584785 -6.853091098326624
107 17.76774922758341 -6.6211384471641495
108 18.493081807158887 -6.494555224953677
109 17.424581882543862 -6.117354180737655
110 21.470108127221465 -6.087055095509873
111 16.21481440961361 -5.43500831968483
112 15.148071710020304 -5.105291741614599
113 16.596162821166217 -4.628649413275992
114 19.41371610481292 -4.471031187897325
115 18.792131998576224 -4.455504779070034
116 24.29576512426138 -4.2805498188182405
117 25.536565432325006 -3.7944735717969627
118 26.722662179730833 -2.9512438456190186
119 24.364790582098067 -2.541618164765197
train accuracy: 0.8772222222222222
validation accuracy: 0.89
