demos: (120, 50, 13)
demo_rewards: (120,)
[-51.11086407 -49.11584688 -48.97455067 -48.8722857  -48.72375071
 -47.2425208  -44.96921644 -44.85812386 -44.46529881 -44.43890163
 -44.14921993 -43.75035245 -43.58405711 -43.39691285 -43.22343613
 -42.9211339  -42.65748859 -42.6023149  -42.32863806 -42.30445768
 -41.12283699 -40.75815407 -40.70441037 -40.03758738 -39.90846007
 -39.57032589 -39.31833047 -39.27893976 -39.11210375 -39.0792282
 -38.7342435  -38.46237505 -37.86129653 -37.30806553 -36.41283474
 -36.30795891 -36.12354063 -36.01221343 -35.76166082 -35.55804095
 -34.8333516  -34.24472332 -33.78094921 -32.94911634 -32.77451865
 -32.11238423 -31.53427075 -30.66780209 -30.40290221 -30.23366087
 -29.87212516 -29.40604135 -29.1352587  -28.84050982 -28.57862903
 -28.43871007 -28.43374877 -28.16728518 -27.92060294 -27.7391148
 -27.29994968 -26.75229479 -25.93903491 -25.92997211 -25.90184838
 -24.37443057 -24.18079375 -24.11517187 -23.99196367 -23.29102321
 -22.59530834 -22.40229356 -22.25673726 -21.7139277  -21.70254077
 -19.72288085 -19.26334551 -18.56975936 -18.11146126 -17.71205165
 -17.6663674  -17.58971226 -16.59087236 -16.36275632 -15.99253949
 -15.33818265 -14.68824709 -14.05563167 -13.91164962 -13.42778136
 -12.61940694 -12.22562907 -11.73504365 -10.78101609 -10.72946334
  -9.78594151  -9.77591752  -9.56682446  -9.19326137  -7.57539849
  -7.36244313  -7.10832736  -7.07294326  -6.95906356  -6.77694649
  -6.72206384  -6.71997062  -6.51820418  -5.61579673  -5.3472021
  -5.07848501  -5.02795798  -4.82757292  -4.63049542  -4.230832
  -4.03104862  -3.38446715  -3.3322555   -2.64166233  -1.91361965]
maximum traj length 50
num training_obs 1800
num training_labels 1800
num val_obs 200
num val_labels 200
ModuleList(
  (0): Linear(in_features=13, out_features=128, bias=True)
  (1): Linear(in_features=128, out_features=64, bias=True)
  (2): Linear(in_features=64, out_features=1, bias=False)
)
Training reward model from scratch...
Total number of parameters: 10112
Number of trainable paramters: 10112
device: cuda:1
end of epoch 0: val_loss 0.263012592080579, val_acc 0.89
trigger times: 0
saving model weights...
Weights: OrderedDict([('fcs.0.weight', tensor([[-1.9171e-02, -6.6048e-02, -1.2687e-01,  ..., -1.2472e-43,
          2.3879e-02, -2.1909e-02],
        [-4.3672e-02, -1.0479e-01,  8.8430e-03,  ..., -1.6283e-42,
         -9.7656e-02, -2.3791e-01],
        [-2.0335e-01, -4.5596e-02, -9.1416e-02,  ..., -1.5386e-42,
          2.0968e-02, -8.9271e-03],
        ...,
        [-3.5159e-02, -1.6122e-02,  6.5642e-02,  ...,  2.0347e-42,
          3.8217e-02, -5.1435e-03],
        [ 8.5504e-02,  3.8783e-02,  4.9633e-02,  ...,  2.8446e-42,
         -1.1225e-02, -1.2322e-01],
        [ 9.8269e-02, -6.0722e-02, -7.1833e-02,  ...,  2.4481e-42,
          4.4113e-02,  6.8117e-02]], device='cuda:1')), ('fcs.0.bias', tensor([-0.5015, -0.4640, -0.1866, -0.3698, -0.1948, -0.4055, -0.3597, -0.2911,
        -0.4017, -0.1334, -0.1063, -0.1513,  0.1805, -0.4141, -0.3756, -0.3813,
        -0.6574, -0.0923, -0.2513, -0.5001, -0.2390, -0.4090, -0.5330, -0.4920,
        -0.4002, -0.5117, -0.2094, -0.1586, -0.0658, -0.4037, -0.3991, -0.2268,
        -0.0540, -0.3568, -0.2242, -0.3976, -0.2476, -0.2007, -0.4201, -0.0363,
        -0.4680, -0.0811, -0.3299, -0.3057, -0.3185, -0.2693, -0.0991, -0.3292,
        -0.3283, -0.0596, -0.1898, -0.0669, -0.0601, -0.1680, -0.1478, -0.1271,
        -0.1836, -0.0399, -0.3352,  0.0056, -0.2594, -0.1617, -0.3779, -0.3670,
        -0.6658, -0.0277, -0.3935, -0.1919, -0.1299, -0.2692, -0.0608, -0.3790,
        -0.0265, -0.4384, -0.1645, -0.1558, -0.1287, -0.1446, -0.3381, -0.2579,
        -0.2950, -0.2145, -0.3365, -0.2229, -0.3906, -0.2613, -0.2712, -0.0848,
        -0.3332, -0.3239, -0.2452, -0.4243, -0.2633, -0.0861, -0.3977, -0.1116,
        -0.2491, -0.2849, -0.2382,  0.0088, -0.0919, -0.3023, -0.2221, -0.0953,
        -0.0324, -0.1773, -0.2992, -0.3414, -0.3788, -0.1794, -0.1161, -0.3852,
        -0.2710, -0.1681, -0.2526, -0.5042, -0.1850,  0.0780, -0.0446, -0.0546,
        -0.1443, -0.3065, -0.3154, -0.1904, -0.4496, -0.1536, -0.3866, -0.3786],
       device='cuda:1')), ('fcs.1.weight', tensor([[-1.6505e-03, -5.3717e-03, -2.2800e-02,  ..., -5.5291e-02,
         -6.8544e-03, -4.8248e-02],
        [-1.1726e-03, -2.5784e-02, -1.7617e-03,  ...,  1.1929e-02,
          5.9979e-03, -2.2313e-02],
        [ 8.6262e-04, -3.6311e-05, -2.7362e-02,  ..., -2.3607e-02,
         -1.0084e-01,  1.1711e-03],
        ...,
        [ 1.2285e-01, -4.4491e-02,  7.3739e-02,  ...,  5.7757e-02,
          4.8597e-02,  6.8558e-02],
        [-4.4199e-03, -7.9630e-04, -4.4353e-03,  ...,  1.1004e-02,
          8.0760e-05, -7.5727e-03],
        [-1.0668e-03, -2.4691e-03,  1.0008e-03,  ...,  8.8875e-03,
          5.1930e-05, -9.5334e-03]], device='cuda:1')), ('fcs.1.bias', tensor([-0.0364, -0.0642, -0.0512, -0.0495, -0.0090, -0.0115, -0.3104, -0.0797,
        -0.1385, -0.1472, -0.0481, -0.1773, -0.2812, -0.1283, -0.0287, -0.0320,
        -0.0182, -0.0434, -0.0328, -0.3270, -0.0307, -0.0628, -0.3806, -0.0445,
        -0.0688, -0.5381, -0.1162, -0.1344, -0.0638, -0.0410, -0.1265, -0.0629,
        -0.2530, -0.0282,  1.1434, -0.1134, -0.1715, -0.0725, -0.1054, -0.2166,
        -0.0327, -0.0537, -0.0459, -0.0601, -0.5305, -0.1070, -0.4042, -0.2255,
        -0.0316, -0.0435, -0.1398, -0.0142, -0.0821, -0.0377, -0.0203, -0.0686,
        -0.1319, -0.0133, -0.1938, -0.4527, -0.0691, -0.7710, -0.0109, -0.0239],
       device='cuda:1')), ('fcs.2.weight', tensor([[ 7.0926e-03,  2.8086e-03,  1.7371e-02,  3.0753e-02,  2.0541e-02,
          1.5115e-03,  4.2935e-02,  6.6592e-03,  1.4966e-02,  7.7754e-02,
          5.1944e-02, -2.8043e-02,  5.3357e-02,  1.2639e-02,  7.2195e-02,
         -2.9842e-03,  2.3958e-03, -1.8843e-01,  7.6623e-03, -5.8587e-02,
         -1.5027e-02,  1.1572e-02,  1.4954e-01,  1.0703e-02,  6.2714e-03,
         -1.8507e-01, -4.1616e-02, -1.6625e-04,  2.6146e-02,  1.7835e-02,
          1.6924e-02,  3.5808e-02,  3.1922e-02,  8.2019e-03,  2.8013e-01,
          4.3715e-02,  1.6935e-01,  1.1713e-02, -3.8386e-02, -2.2107e-02,
          2.6177e-02,  1.7899e-02,  1.1097e-02,  6.9237e-03, -1.4378e-01,
          1.0296e-01,  2.6731e-01, -5.9283e-03,  1.3511e-03,  1.0624e-02,
          1.0446e-02,  1.5017e-02, -8.6033e-03,  6.0755e-04,  1.0729e-03,
          5.2459e-02,  3.0903e-03,  8.8562e-03, -2.4349e-02, -7.4773e-02,
         -1.3996e-04,  2.0992e-02,  4.6141e-05, -5.9688e-03]], device='cuda:1'))])
end of epoch 1: val_loss 0.7059453543805816, val_acc 0.815
trigger times: 1
end of epoch 2: val_loss 1.9247296328381038, val_acc 0.79
trigger times: 2
end of epoch 3: val_loss 0.24647228833712004, val_acc 0.88
trigger times: 0
saving model weights...
Weights: OrderedDict([('fcs.0.weight', tensor([[-4.4565e-03,  3.1402e-02, -1.9664e-01,  ...,  1.3593e-22,
          2.9138e-02, -1.3504e-03],
        [ 3.2532e-02,  7.5557e-02, -8.5002e-02,  ..., -1.8988e-42,
         -8.2599e-03,  1.8327e-02],
        [ 9.0023e-02, -2.7860e-02,  1.2169e-01,  ...,  2.1300e-42,
         -8.6726e-03,  8.3677e-02],
        ...,
        [-1.0052e-01, -1.6803e-02,  4.9493e-02,  ..., -3.1894e-42,
          3.6806e-02,  1.6855e-01],
        [ 4.8049e-02,  4.0235e-02, -6.6997e-02,  ...,  8.2350e-11,
         -7.2885e-03,  1.2297e-02],
        [-5.6781e-02, -5.3032e-03,  1.6998e-02,  ..., -3.1389e-43,
          1.5950e-03,  6.8734e-03]], device='cuda:1')), ('fcs.0.bias', tensor([-0.2716, -0.2982, -0.2624, -0.1420, -0.3978, -0.0384, -0.0567, -0.2413,
        -0.1105, -0.0027, -0.1842, -0.2832, -0.4452, -0.1449, -0.2327, -0.3027,
        -0.1592, -0.3433, -0.2762, -0.3908, -0.3961, -0.0381, -0.2605, -0.2477,
        -0.0841, -0.3269, -0.4255, -0.2152, -0.3096, -0.3302, -0.2573, -0.1416,
        -0.2370, -0.2369, -0.0960, -0.3520, -0.3417, -0.3225, -0.1602, -0.3061,
        -0.2029, -0.1699, -0.2113, -0.0601, -0.1534, -0.1155, -0.0896, -0.0061,
        -0.2961, -0.1620, -0.1973, -0.2721, -0.2690, -0.1432, -0.2851, -0.0800,
        -0.0815, -0.2454, -0.2405, -0.0606, -0.1946, -0.1842, -0.4717, -0.4140,
        -0.0530, -0.2575, -0.3028, -0.3004, -0.2244, -0.2716, -0.1213, -0.0857,
        -0.6683, -0.2189, -0.1527, -0.3728, -0.2833, -0.1274, -0.3364, -0.3425,
        -0.1245, -0.2863, -0.3576, -0.2631, -0.0896, -0.4605, -0.0343, -0.1788,
        -0.2813, -0.2572, -0.0260, -0.4096, -0.0861, -0.3132, -0.2446, -0.3231,
        -0.2743, -0.0708, -0.2815, -0.2400, -0.3652, -0.2900,  0.2119, -0.3045,
        -0.3812, -0.1901, -0.4622, -0.2136, -0.1408, -0.4113, -0.6425, -0.2492,
        -0.0447, -0.2412, -0.2219, -0.0176, -0.2379, -0.1325, -0.3566, -0.2569,
        -0.2262, -0.1913, -0.4488, -0.2851, -0.3537, -0.3487, -0.1116, -0.2017],
       device='cuda:1')), ('fcs.1.weight', tensor([[-0.0078,  0.0246, -0.1387,  ...,  0.0387, -0.2373, -0.0118],
        [-0.0122, -0.0451, -0.0436,  ..., -0.0507, -0.0629,  0.0089],
        [-0.0220, -0.0008, -0.0212,  ..., -0.0008, -0.0003, -0.0029],
        ...,
        [-0.0769, -0.0480, -0.0750,  ..., -0.0603, -0.0707,  0.0019],
        [-0.0011, -0.0093, -0.0485,  ..., -0.0070, -0.0022, -0.0161],
        [-0.0183,  0.0379, -0.0104,  ...,  0.0584,  0.0070, -0.0328]],
       device='cuda:1')), ('fcs.1.bias', tensor([-0.3467, -0.0578, -0.0389, -0.3426, -0.0216, -0.1738, -0.3862, -0.2105,
        -0.2706, -0.0559, -0.1878, -0.0704, -0.1140,  0.0431, -0.0501, -0.2138,
        -0.0294, -0.3069, -0.0210, -0.1703, -0.2651, -0.1262, -0.0409, -0.0553,
        -0.0122, -0.0393, -0.0430, -0.0395, -0.0384, -0.2753, -0.1149, -0.0833,
        -0.0257, -0.1484,  1.5174,  0.0037, -0.0027, -0.0731, -0.2800, -0.1116,
        -0.1501, -0.0319, -0.0091, -0.0821, -0.1225, -0.2940, -0.1705, -0.0342,
        -0.2898, -0.0845, -0.1621, -0.2197, -0.0816, -0.3471, -0.1099, -0.0055,
        -0.0083, -0.1161, -0.1098, -0.0778, -0.2966, -0.1878, -0.0235, -0.2805],
       device='cuda:1')), ('fcs.2.weight', tensor([[-1.8730e-01,  1.6007e-01,  3.0259e-03, -1.5104e-01,  4.0455e-02,
         -8.4631e-02, -1.8155e-01,  3.7217e-02, -3.1849e-02,  8.0889e-03,
          6.0987e-02,  2.1513e-02, -9.0167e-03, -4.5804e-02,  8.7695e-02,
          4.2093e-03,  3.1275e-02, -2.0406e-02, -2.6784e-02, -6.5434e-02,
         -1.8644e-01,  1.1319e-01, -4.3451e-02,  2.0748e-02,  1.6777e-04,
         -3.7004e-02,  5.6758e-03,  6.4856e-02,  9.9160e-02,  1.2853e-01,
         -6.0574e-02,  2.6729e-02,  3.8491e-02, -5.1848e-02,  2.5520e-01,
         -3.6106e-02,  1.8569e-03, -7.7316e-02, -2.5131e-01,  2.1710e-01,
          1.0310e-02,  3.1548e-02,  1.1952e-02,  1.9654e-01,  2.0992e-01,
          5.6779e-02, -4.7716e-02,  2.6983e-02, -6.5679e-02, -1.0667e-02,
          3.0439e-02, -1.4343e-01,  1.0846e-01, -3.2012e-02,  1.4958e-01,
          1.4375e-02,  1.0524e-02,  3.2649e-03,  2.3055e-02, -5.1151e-03,
          3.3967e-02,  1.9849e-01,  1.7913e-02, -4.2215e-03]], device='cuda:1'))])
end of epoch 4: val_loss 0.2947239561297191, val_acc 0.875
trigger times: 1
end of epoch 5: val_loss 0.19915735357993128, val_acc 0.89
trigger times: 0
saving model weights...
Weights: OrderedDict([('fcs.0.weight', tensor([[ 5.5927e-02, -1.3908e-02, -1.8427e-02,  ..., -2.7975e-14,
          2.4157e-03,  7.3079e-03],
        [ 1.3963e-01,  1.0313e-01, -2.4409e-02,  ..., -8.7707e-09,
         -1.5549e-02,  1.9949e-01],
        [ 1.6242e-01,  2.5362e-02, -1.0570e-01,  ..., -7.7015e-05,
          1.3125e-03,  1.3088e-02],
        ...,
        [ 8.5888e-03, -1.6726e-02, -3.4300e-02,  ..., -9.9108e-14,
         -3.8895e-03,  1.9204e-02],
        [-2.8319e-02,  6.9293e-02,  2.9001e-05,  ...,  1.2835e-13,
          8.3308e-03,  1.4811e-02],
        [-6.9969e-03, -5.7396e-03, -3.6449e-02,  ..., -3.5883e-14,
         -5.5041e-04,  5.7457e-04]], device='cuda:1')), ('fcs.0.bias', tensor([-0.0886, -0.2255, -0.2723, -0.1189, -0.0931, -0.1257, -0.2945, -0.4218,
        -0.2677, -0.0367, -0.4340, -0.1586, -0.0184, -0.1320, -0.0086, -0.0752,
        -0.1916, -0.0897, -0.1443, -0.2783, -0.1902, -0.1728, -0.0584, -0.2913,
        -0.0562, -0.1731, -0.1340, -0.1214, -0.3513, -0.3038, -0.1712, -0.1574,
        -0.0368, -0.0746, -0.3680, -0.0638, -0.1777, -0.3473, -0.2393, -0.0557,
        -0.3146, -0.1609, -0.0509, -0.2922, -0.3751, -0.2914, -0.2855, -0.0236,
        -0.1003, -0.2386, -0.0015, -0.3182, -0.0047, -0.0385, -0.1954, -0.0695,
        -0.0930, -0.0014, -0.1478, -0.2122, -0.0684, -0.1817, -0.1273, -0.0785,
        -0.0672, -0.3230, -0.1630, -0.0804, -0.0645, -0.0109,  0.0202, -0.0991,
        -0.2540, -0.0062, -0.1322, -0.3230, -0.0016, -0.0584, -0.2890, -0.0836,
        -0.2707, -0.1329, -0.0782, -0.3047, -0.2529, -0.1199, -0.0684,  0.0541,
        -0.2481, -0.3614, -0.2662, -0.2121, -0.1790, -0.3509, -0.1932, -0.0012,
        -0.2178, -0.3412, -0.2167, -0.1973, -0.2427, -0.1856, -0.0053, -0.0224,
        -0.1580, -0.3194, -0.1320, -0.1050, -0.0647, -0.2565, -0.3306, -0.3557,
        -0.1027, -0.3102, -0.1129, -0.1637, -0.1410, -0.0080, -0.2366, -0.2327,
        -0.1771, -0.2057, -0.0012, -0.1334, -0.3984, -0.1563, -0.1051, -0.1941],
       device='cuda:1')), ('fcs.1.weight', tensor([[ 3.8512e-04,  6.7551e-04, -6.7573e-03,  ..., -1.3615e-03,
          9.3237e-04, -7.3314e-04],
        [-4.8791e-04, -1.6778e-01, -1.1081e-01,  ..., -7.5894e-02,
          2.3578e-02, -2.6460e-02],
        [ 5.4049e-04, -5.5667e-02, -1.0112e-02,  ..., -5.3781e-04,
          4.8056e-03, -1.0959e-03],
        ...,
        [ 2.0811e-03, -7.9728e-02, -4.6037e-02,  ...,  1.7234e-03,
          6.8090e-03, -3.6305e-02],
        [ 1.5436e-03,  9.8576e-03, -2.8694e-02,  ...,  6.5005e-03,
          2.8549e-03, -2.2660e-02],
        [ 9.1743e-05, -2.0155e-02, -1.0144e-01,  ...,  3.3813e-04,
          2.3727e-02, -8.0367e-03]], device='cuda:1')), ('fcs.1.bias', tensor([-0.0064, -0.2577, -0.0327, -0.0147, -0.1041, -0.1230, -0.0486, -0.0120,
        -0.1230, -0.2758, -0.0354, -0.0566, -0.1174, -0.1221, -0.0787, -0.0145,
        -0.0202, -0.1162, -0.1561, -0.0910, -0.0037, -0.0754, -0.1121, -0.1166,
        -0.0086, -0.0027, -0.1454, -0.0184, -0.3703, -0.0175, -0.3299, -0.1249,
        -0.1466, -0.0037,  1.2992, -0.0890, -0.1967, -0.0109, -0.0755, -0.0709,
        -0.1861, -0.0724, -0.0058, -0.0224, -0.1187, -0.0159, -0.0747, -0.1472,
        -0.0045, -0.2079, -0.2611, -0.1763, -0.0242, -0.1475, -0.1304, -0.0937,
        -0.0710, -0.2099, -0.3256, -0.0054, -0.1582, -0.0506, -0.1320, -0.1358],
       device='cuda:1')), ('fcs.2.weight', tensor([[ 1.2871e-02,  2.8043e-01,  2.0300e-02,  5.0876e-02,  9.7171e-02,
         -9.6725e-02,  2.5351e-02,  1.1514e-02, -9.5763e-02,  2.6783e-01,
          8.5312e-03, -8.1525e-02, -2.1174e-01,  4.2745e-02,  1.2445e-01,
         -1.0981e-02, -7.0780e-02,  1.8643e-01,  3.9803e-02,  3.4663e-02,
          6.6352e-03,  2.6066e-02,  1.4708e-01,  2.4868e-02,  8.0299e-03,
          5.7113e-04,  1.8050e-01, -1.5126e-02,  1.1114e-01,  3.0337e-02,
         -1.5210e-01,  4.1791e-02,  6.0470e-02,  7.9164e-03,  3.1178e-01,
          1.7905e-01,  1.7743e-01,  1.3532e-03,  7.8220e-02, -2.2919e-02,
         -2.3363e-01, -3.8308e-02, -1.1998e-04, -1.3289e-02, -1.0413e-01,
          3.3587e-02, -2.0678e-02, -1.8193e-02,  1.5047e-02, -2.4164e-01,
          1.9582e-01, -6.3261e-02,  9.4937e-03, -1.3952e-01, -1.5159e-01,
         -4.9010e-03,  2.5952e-02,  1.2476e-01, -6.2407e-02,  1.6465e-02,
         -1.1534e-01,  7.5154e-02,  7.5750e-02,  1.7141e-01]], device='cuda:1'))])
end of epoch 6: val_loss 0.31192067295075787, val_acc 0.89
trigger times: 1
end of epoch 7: val_loss 0.2334015209822778, val_acc 0.885
trigger times: 2
end of epoch 8: val_loss 0.8853040513476182, val_acc 0.86
trigger times: 3
end of epoch 9: val_loss 0.19480926462518477, val_acc 0.905
trigger times: 0
saving model weights...
Weights: OrderedDict([('fcs.0.weight', tensor([[ 3.3613e-03, -1.1380e-01,  3.8576e-02,  ..., -2.7669e-12,
          3.5213e-02, -3.0895e-03],
        [-8.2482e-03, -4.5794e-03, -4.3182e-03,  ..., -1.2249e-03,
          1.1930e-03, -1.2071e-04],
        [-9.5298e-02, -9.3906e-02,  2.6986e-03,  ..., -1.9373e-04,
          5.1328e-02,  1.0362e-01],
        ...,
        [-2.2284e-03,  1.5245e-03, -3.4441e-03,  ..., -2.1233e-10,
         -1.3984e-03, -2.7724e-03],
        [ 2.7353e-02,  1.6923e-01, -1.6562e-01,  ...,  2.2253e-13,
         -8.2353e-02,  5.1968e-02],
        [ 3.9655e-03, -5.0098e-02, -6.0771e-03,  ..., -6.6871e-06,
         -3.5248e-04,  1.4080e-03]], device='cuda:1')), ('fcs.0.bias', tensor([-5.3492e-01, -4.9145e-02, -2.9003e-01, -1.3467e-01, -1.8012e-01,
        -6.8493e-02, -4.7486e-02, -2.9753e-01, -5.1491e-01, -9.0235e-02,
        -2.6990e-01, -9.1484e-02, -9.9325e-03, -6.8170e-02, -2.4457e-01,
        -3.1253e-01, -3.1519e-01, -1.7645e-02, -7.5972e-02, -5.7762e-02,
        -2.1173e-01, -5.0947e-02, -4.4318e-01, -1.5135e-01, -1.5627e-02,
        -1.0329e-01, -1.5314e-01, -3.2714e-01, -9.6820e-02, -8.5030e-03,
        -2.5879e-01, -1.5224e-01, -1.4911e-01, -8.2376e-02, -2.4634e-02,
        -1.0961e-01, -4.2883e-01, -9.1696e-02, -5.1208e-01, -3.3639e-02,
        -4.6940e-01, -3.0906e-01,  1.2790e-02, -1.8418e-01, -1.0040e-01,
        -8.3243e-02, -1.9678e-02, -3.4588e-02, -2.7134e-02, -6.8223e-02,
        -1.0316e-01, -1.7693e-01, -7.1887e-02, -2.7123e-01, -4.3513e-01,
        -5.0136e-02, -3.6038e-02, -2.4390e-01, -2.0372e-01, -7.0821e-02,
        -6.8714e-02, -3.1053e-01, -1.3526e-01, -1.9463e-01, -2.5121e-02,
        -1.7242e-01, -2.4173e-01, -8.9298e-02, -2.8799e-01, -2.0728e-01,
         5.8202e-02, -3.3726e-02, -1.1513e-01, -1.2569e-01, -2.0260e-01,
        -1.1867e-01, -8.3266e-02, -2.8352e-05, -5.2140e-01, -2.6576e-02,
        -1.5676e-01, -2.6598e-01, -2.3312e-01, -1.9895e-01, -9.1532e-02,
        -1.3503e-01, -3.6187e-01, -5.8560e-02, -1.5223e-01, -1.3169e-01,
        -2.2296e-01, -2.0096e-01, -1.6774e-01, -3.1651e-02, -4.6152e-02,
        -2.5387e-01, -8.9770e-02, -1.5038e-04, -7.3585e-02, -1.9073e-01,
        -1.9530e-01, -8.0124e-02, -2.7751e-01, -1.4634e-01, -9.2152e-02,
        -1.6972e-01, -1.7615e-01, -9.0235e-02, -1.4807e-01, -3.7759e-01,
        -4.5061e-01, -2.8962e-02, -2.2544e-01, -1.1969e-02, -1.4280e-01,
        -1.7339e-02, -4.3617e-02, -1.3437e-01, -1.4257e-01, -2.2657e-01,
        -9.2626e-03, -1.6664e-01, -9.2943e-02, -3.2172e-01, -3.1556e-02,
        -1.2342e-02, -8.0681e-02, -1.9000e-01], device='cuda:1')), ('fcs.1.weight', tensor([[ 1.7016e-02, -1.4125e-02,  3.2021e-03,  ..., -2.8279e-04,
          1.5335e-02,  2.7181e-04],
        [-3.0857e-02,  3.3416e-04, -5.6846e-04,  ...,  7.5409e-06,
         -3.7012e-03, -5.4674e-05],
        [-8.8527e-02, -2.4707e-04, -9.9593e-03,  ...,  5.6365e-04,
         -2.0496e-02, -2.3836e-03],
        ...,
        [-1.3832e-01, -8.6026e-02,  1.8951e-03,  ..., -5.4846e-03,
         -3.0363e-03,  1.4397e-04],
        [-1.5583e-02, -3.1195e-03, -3.5418e-03,  ..., -2.4378e-02,
         -4.5831e-03, -1.7218e-04],
        [-6.2846e-02, -5.6590e-05, -4.1101e-03,  ...,  1.1710e-04,
         -2.4222e-03, -9.6098e-04]], device='cuda:1')), ('fcs.1.bias', tensor([-8.4450e-02, -3.9811e-02, -5.8462e-02, -1.4273e-01, -1.8132e-01,
        -5.6730e-02, -9.9445e-02, -3.7647e-03, -4.9549e-03, -1.6242e-02,
        -6.6799e-02, -4.4347e-04,  2.1714e-02, -2.3605e-02, -1.8430e-01,
        -1.9760e-03, -3.9403e-03, -2.6425e-01, -1.8802e-01, -1.2480e-01,
        -4.4720e-03,  2.2056e-02, -5.6733e-03, -9.5939e-02, -4.3834e-01,
        -3.9389e-03, -3.0920e-01, -1.8446e-01, -4.9858e-03, -1.9485e-03,
        -3.0069e-01, -3.2611e-02, -1.2592e-01, -2.8070e-01,  1.4643e+00,
        -1.7350e-01, -3.2551e-03, -1.5512e-01, -9.8179e-02, -1.2438e-04,
        -2.3193e-02, -3.8646e-01, -2.4935e-03, -5.3000e-02,  1.4597e-01,
        -9.7347e-02, -9.6028e-02, -8.4159e-02, -1.3132e-01, -7.1668e-02,
        -1.4152e-02, -1.3511e-01, -5.8830e-01, -7.1538e-02, -1.4550e-01,
        -6.6061e-02, -1.0816e-01, -8.5443e-03, -3.0488e-02, -4.7470e-02,
        -1.7759e-01, -2.5968e-01, -7.1875e-02, -1.3529e-02], device='cuda:1')), ('fcs.2.weight', tensor([[-5.5216e-02,  5.3413e-03,  1.2807e-01, -8.6812e-02, -2.2369e-02,
          2.7774e-02,  8.0342e-02, -5.2191e-04, -1.6437e-03,  2.3582e-02,
         -1.5820e-02,  1.0457e-03,  1.0283e-01,  3.3992e-02,  1.6182e-01,
          1.1946e-02,  2.7557e-03,  1.7210e-01, -1.3332e-02, -7.6203e-02,
          2.3863e-02,  3.1281e-02,  1.4148e-02,  4.8237e-02, -8.0663e-02,
          1.2680e-02, -3.8231e-02,  6.6503e-02,  9.3205e-03,  6.4123e-03,
         -2.8378e-03, -2.6612e-02,  1.8693e-01, -5.9601e-02,  3.2699e-01,
          2.4895e-01,  6.0834e-03,  2.4374e-02,  2.8237e-02,  3.1230e-04,
          6.7366e-02,  1.3575e-01,  1.5653e-02,  5.2070e-02, -1.6880e-02,
         -1.0023e-01, -4.7322e-02,  5.2575e-02, -5.8027e-02, -2.2656e-02,
          2.8658e-02,  2.3828e-01,  7.3447e-02,  1.0234e-01, -1.5273e-01,
          1.7224e-01,  3.1137e-02,  1.4626e-02,  2.5283e-02,  5.2027e-03,
          1.8141e-01, -5.4094e-03,  2.5250e-02,  3.1702e-02]], device='cuda:1'))])
end of epoch 10: val_loss 0.25274289562647045, val_acc 0.905
trigger times: 1
end of epoch 11: val_loss 0.22610540002739754, val_acc 0.89
trigger times: 2
end of epoch 12: val_loss 0.2935049089917458, val_acc 0.89
trigger times: 3
end of epoch 13: val_loss 0.20752956974882839, val_acc 0.915
trigger times: 4
end of epoch 14: val_loss 0.3035404542828143, val_acc 0.885
trigger times: 5
end of epoch 15: val_loss 0.2336813493392743, val_acc 0.89
trigger times: 6
end of epoch 16: val_loss 0.27963240284568786, val_acc 0.865
trigger times: 7
end of epoch 17: val_loss 0.38617797024708395, val_acc 0.875
trigger times: 8
end of epoch 18: val_loss 0.36662334862725215, val_acc 0.88
trigger times: 9
end of epoch 19: val_loss 0.5224026620902358, val_acc 0.865
trigger times: 10
Early stopping.
0 1.0854830341413617 -51.11086407377863
1 5.638395168818533 -49.11584688036212
2 -4.224240587092936 -48.97455066650668
3 -4.559660555794835 -48.87228569913625
4 -2.4951831297948956 -48.723750706751915
5 -1.6456695768865757 -47.242520801549375
6 -2.6274609053507447 -44.969216444406115
7 -7.267858758568764 -44.85812386141036
8 -3.773491283878684 -44.465298807522004
9 -5.93890025280416 -44.438901626703945
10 1.0224158354103565 -44.1492199315879
11 6.456258590798825 -43.750352447059115
12 -0.9810608755797148 -43.58405711344297
13 -3.29162066988647 -43.39691284921414
14 0.3236013245768845 -43.22343612991455
15 0.7917095459997654 -42.92113389854083
16 -3.217320377472788 -42.65748859055198
17 3.4825889011844993 -42.60231490040316
18 3.4760440825484693 -42.3286380570152
19 1.6925810221582651 -42.30445768311566
20 -3.203339658677578 -41.12283699063089
21 4.046790602616966 -40.758154070747366
22 2.632745816372335 -40.70441036508885
23 1.5116533669643104 -40.037587376429016
24 1.7798258680850267 -39.90846007278091
25 -2.1230134688084945 -39.57032589487153
26 2.9195802938193083 -39.31833047231749
27 -0.7109375540167093 -39.27893976130787
28 -2.2343481685966253 -39.11210375046212
29 0.9810545672662556 -39.07922820344388
30 -6.096828954294324 -38.73424350253481
31 1.7303142715245485 -38.46237505180561
32 2.297389287967235 -37.86129653169397
33 3.562520982697606 -37.308065525311996
34 2.3549693040549755 -36.41283474392047
35 -1.1198040749877691 -36.307958906842664
36 -1.8422506893984973 -36.12354062747346
37 1.5142807234078646 -36.012213433621724
38 0.7054714643891202 -35.76166081977253
39 4.322295377380215 -35.558040948837615
40 -1.0051958560943604 -34.83335159619024
41 -4.715177179314196 -34.24472332102743
42 11.756388261914253 -33.78094921339959
43 0.8070376217365265 -32.949116337767926
44 4.3782403925433755 -32.774518645207735
45 1.1647899860981852 -32.11238423004613
46 5.779973634518683 -31.534270745249735
47 -0.646211551502347 -30.667802091332018
48 5.758803932927549 -30.402902212388465
49 5.128647381439805 -30.233660870125824
50 3.9759031063877046 -29.87212515537898
51 7.289193666772917 -29.40604134962864
52 4.612163414247334 -29.13525869956722
53 5.747694662772119 -28.84050982317397
54 10.752899066079408 -28.578629026453186
55 1.815469984896481 -28.438710074595054
56 9.749737973324955 -28.433748774939595
57 2.429578219540417 -28.16728517571421
58 -0.5333946133032441 -27.920602937037046
59 9.64315836969763 -27.739114797604373
60 12.704717949964106 -27.29994968172231
61 11.551553631201386 -26.752294794786035
62 9.754243622533977 -25.939034905087084
63 2.811335840728134 -25.929972112830644
64 2.361953497165814 -25.901848378876174
65 13.163494306616485 -24.374430568602165
66 10.958930262131616 -24.180793753972072
67 7.286102069541812 -24.11517186961488
68 3.7462161853909492 -23.991963674348654
69 6.0923261204734445 -23.291023207711152
70 2.2410115336533636 -22.595308335760205
71 7.891343915835023 -22.402293560723127
72 10.132129915058613 -22.256737260461836
73 8.701081332750618 -21.713927702452338
74 13.314743815921247 -21.702540774014164
75 9.48628146480769 -19.722880852611173
76 20.740065282210708 -19.26334550647668
77 5.323382909875363 -18.569759364071594
78 15.634753672406077 -18.111461264885516
79 6.364612868987024 -17.712051650475324
80 14.14522860199213 -17.66636739843018
81 13.74647960998118 -17.589712263068826
82 16.62077735271305 -16.590872364965673
83 9.51778073888272 -16.362756319978686
84 5.5170174445956945 -15.992539490672064
85 24.65209285914898 -15.338182650137867
86 11.027746881358325 -14.688247089412398
87 14.139825905673206 -14.055631672914624
88 24.143958842381835 -13.911649622206243
89 17.225670288316905 -13.427781363912512
90 10.68244456872344 -12.619406941033082
91 23.136487545911223 -12.225629065695466
92 19.541623272001743 -11.735043647109059
93 18.762821443378925 -10.781016093040188
94 21.71874861419201 -10.729463335147118
95 24.628378462046385 -9.785941512083282
96 23.58093632152304 -9.775917521665287
97 22.308215318247676 -9.56682446099046
98 26.417406098917127 -9.193261368948118
99 24.49031265452504 -7.57539849177145
100 24.679426820017397 -7.362443126623615
101 25.65288172569126 -7.108327355338034
102 28.18912956584245 -7.072943263247867
103 24.44750919472426 -6.959063561385431
104 22.496275391429663 -6.776946485018116
105 25.181002603843808 -6.7220638398623045
106 20.876960273832083 -6.719970621583102
107 26.001907913945615 -6.51820418055673
108 25.473403678741306 -5.615796733870542
109 28.033563680946827 -5.34720210027791
110 28.483531637117267 -5.078485007852753
111 24.034677457995713 -5.027957977402961
112 33.22832915186882 -4.827572916892203
113 30.70498478040099 -4.63049541560991
114 34.66991129517555 -4.230832004686763
115 31.020515351206996 -4.031048624093466
116 30.460628069005907 -3.3844671463622564
117 35.71401954814792 -3.3322555012187633
118 35.85776983015239 -2.6416623314910934
119 42.15638563409448 -1.9136196540088464
train accuracy: 0.8794444444444445
validation accuracy: 0.865
