demos: (360, 50, 5)
demo_rewards: (360,)
sorted_train_rewards: [-55.21445752 -54.46505855 -51.17814647 -49.6099766  -49.13001653
 -49.03866708 -49.0331838  -48.84818037 -48.58850771 -48.19509289
 -47.96991522 -47.53054283 -47.33487662 -47.14538324 -47.10889581
 -46.92993068 -46.92815321 -46.7141986  -46.50762306 -46.08033935
 -45.96910073 -45.94004954 -45.47189047 -45.23627882 -45.23541431
 -44.99494244 -44.99184926 -44.7644634  -44.62310756 -44.53780078
 -44.32699505 -44.29565561 -43.84464734 -43.7920154  -43.22211069
 -43.2041764  -43.14444939 -42.63170505 -42.49903983 -42.18990615
 -42.17868583 -42.08941791 -41.97868948 -41.96459824 -41.91819405
 -41.89252759 -41.86250044 -41.75643755 -41.50687738 -41.35020296
 -41.32515547 -41.22179983 -41.03992135 -40.99991982 -40.98448758
 -40.86627436 -40.84937019 -40.63970267 -40.11576908 -39.97085477
 -39.89750906 -39.72931271 -39.35357961 -39.17708227 -39.14272956
 -39.07321282 -38.91826709 -38.77785603 -38.52213956 -38.29413029
 -38.28199013 -38.28138827 -38.04661848 -37.94300503 -37.88709355
 -37.79694607 -37.70658771 -37.51412288 -37.47672391 -37.37133772
 -37.3251261  -37.11841822 -37.10344577 -36.99477768 -36.69656462
 -36.65639269 -36.58958472 -36.38667894 -36.28177521 -36.03378032
 -36.02351695 -35.97994531 -35.89835563 -35.77878287 -35.67327882
 -35.43726783 -35.41556943 -35.28979253 -35.19353216 -35.12234482
 -35.07963015 -35.06137062 -35.02402835 -35.01091702 -34.95588623
 -34.91427059 -34.86472602 -34.63851695 -34.34266183 -33.86129846
 -33.77802335 -33.7629591  -33.680383   -33.4779641  -33.26579709
 -33.17157461 -33.04852912 -32.41611773 -32.41053817 -32.02508724
 -31.90686017 -31.71028623 -31.64335581 -31.48876757 -31.44406811
 -31.37649579 -31.35230126 -31.24419956 -31.21642916 -31.15850305
 -31.06744474 -31.00231541 -30.95117262 -30.772676   -30.64081715
 -30.63466958 -30.59673213 -30.52049104 -30.42034344 -30.36982897
 -30.36743577 -30.27374553 -30.10812976 -30.06299271 -29.98083048
 -29.97767593 -29.94526105 -29.66568464 -29.20595883 -28.99559546
 -28.95484843 -28.59191373 -28.5494411  -28.42026397 -28.31342715
 -28.1712167  -28.13409378 -28.11939797 -27.79654204 -27.77638947
 -27.70726756 -27.60103341 -26.73963502 -26.7058308  -26.50715502
 -26.39763335 -26.36197542 -26.19987885 -25.99907479 -25.47507675
 -25.31217996 -25.29134047 -25.11681575 -24.96039421 -24.91350015
 -24.71538539 -24.58444108 -24.12244562 -23.96980649 -23.76917367
 -23.71252839 -23.48246476 -23.05835519 -22.79553869 -22.61211306
 -22.55283027 -22.53572133 -21.84262733 -21.72370465 -21.7167854
 -21.64185366 -21.62657756 -21.62597106 -21.44290047 -20.76562386
 -20.68104247 -20.66287704 -20.66020817 -20.5100558  -20.35567458
 -20.10309328 -19.94369578 -19.67432429 -19.50391949 -19.30989567
 -19.03153444 -19.02121155 -18.87189699 -18.77655165 -18.71737606
 -18.65414818 -18.4634721  -18.36358054 -18.2465562  -18.08445937
 -17.94319772 -17.85124778 -17.82515236 -17.67989719 -17.64064603
 -17.48133145 -17.27921081 -17.10217865 -17.06769934 -16.68041488
 -16.44066556 -16.35270212 -16.325741   -16.24688067 -16.23288157
 -16.20186147 -16.01542464 -15.4984665  -15.44345121 -15.26574292
 -15.017961   -14.79738881 -14.47834852 -14.39794675 -14.15625316
 -13.8953595  -13.69675016 -13.43873671 -13.16397094 -12.97987294
 -12.6606731  -12.5410027  -12.53347897 -12.29992996 -12.26611853
 -12.16816754 -12.13592928 -11.97407887 -11.96626278 -11.9523875
 -11.75626016 -11.04421156 -10.859881   -10.78272714 -10.76409188
 -10.64954177 -10.49423816  -9.92399886  -9.67992171  -9.56750101
  -9.4003034   -8.4761537   -8.40276084  -8.32638751  -8.0269637
  -7.70107293  -7.68743448  -7.67259169  -7.57539849  -7.5455064
  -7.54460172  -7.52029309  -7.3740849   -7.36244313  -7.34546388
  -7.1893336   -7.15421432  -7.10832736  -7.08431127  -6.95906356
  -6.92008425  -6.77694649  -6.72206384  -6.64795748  -6.51820418
  -6.29894775  -6.05448903  -5.89467275  -5.85405865  -5.64485143
  -5.39544196  -5.38326081  -5.3472021   -5.25793019  -5.24856721
  -5.07848501  -5.06486011  -5.02795798  -4.90228293  -4.63049542
  -4.37983153  -4.35856953  -4.230832    -4.0660223   -4.03104862
  -4.00401798  -3.97870856  -3.65032555  -3.38446715  -3.329867
  -3.29356852  -3.07904644  -2.88591659  -2.83192847  -2.67390706
  -2.64166233  -2.49009827  -2.24005036  -1.91361965]
sorted_val_rewards: [-46.51840523 -46.46343149 -45.34946654 -41.76630373 -41.18200046
 -41.03294083 -40.33775477 -39.92712396 -37.15321081 -36.33815177
 -35.74239985 -34.88495647 -30.76937686 -29.22737048 -27.50815322
 -27.27876998 -24.25434383 -22.14406511 -21.86139195 -18.9341265
 -17.77364067 -16.25152473 -15.29527985 -14.24892226 -13.88057881
 -13.73405689 -12.51335454 -12.37040308 -11.47155848 -11.4307611
 -10.01645863  -6.71997062  -6.47884361  -5.61579673  -4.82757292
  -3.3322555 ]
maximum traj length 50
maximum traj length 50
num train_obs 52326
num train_labels 52326
num val_obs 630
num val_labels 630
ModuleList(
  (0): Linear(in_features=5, out_features=128, bias=True)
  (1): Linear(in_features=128, out_features=64, bias=True)
  (2): Linear(in_features=64, out_features=1, bias=False)
)
Training reward model from scratch...
Total number of parameters: 9088
Number of trainable paramters: 9088
device: cuda:1
end of epoch 0: val_loss 0.030241055730214312, val_acc 0.9857142857142858
trigger times: 0
saving model weights...
end of epoch 1: val_loss 0.03014848260449546, val_acc 0.9857142857142858
trigger times: 0
saving model weights...
end of epoch 2: val_loss 0.03042130516925544, val_acc 0.9904761904761905
trigger times: 1
end of epoch 3: val_loss 0.02027994313602038, val_acc 0.9873015873015873
trigger times: 0
saving model weights...
end of epoch 4: val_loss 0.011985062516851764, val_acc 0.9952380952380953
trigger times: 0
saving model weights...
end of epoch 5: val_loss 0.014103663496259465, val_acc 0.9952380952380953
trigger times: 1
end of epoch 6: val_loss 0.011417790947119342, val_acc 0.9952380952380953
trigger times: 0
saving model weights...
end of epoch 7: val_loss 0.012104356639564027, val_acc 0.9952380952380953
trigger times: 1
end of epoch 8: val_loss 0.015841552124856034, val_acc 0.9952380952380953
trigger times: 2
end of epoch 9: val_loss 0.007472140364251367, val_acc 0.9984126984126984
trigger times: 0
saving model weights...
end of epoch 10: val_loss 0.013816938610700755, val_acc 0.9952380952380953
trigger times: 1
end of epoch 11: val_loss 0.02443169449540813, val_acc 0.9888888888888889
trigger times: 2
end of epoch 12: val_loss 0.025670772070632793, val_acc 0.9873015873015873
trigger times: 3
end of epoch 13: val_loss 0.025166313073703008, val_acc 0.9888888888888889
trigger times: 4
end of epoch 14: val_loss 0.010562784016610254, val_acc 0.9952380952380953
trigger times: 5
end of epoch 15: val_loss 0.043318666252568166, val_acc 0.9857142857142858
trigger times: 6
end of epoch 16: val_loss 0.012657493669265945, val_acc 0.9920634920634921
trigger times: 7
end of epoch 17: val_loss 0.008562871231727207, val_acc 0.9968253968253968
trigger times: 8
end of epoch 18: val_loss 0.028258237457851314, val_acc 0.9857142857142858
trigger times: 9
end of epoch 19: val_loss 0.013277656930963546, val_acc 0.9936507936507937
trigger times: 10
Early stopping.
0 -216.36395555734634 -46.51840522660448
1 -214.79912132024765 -46.463431492780636
2 -208.87010344862938 -45.3494665431493
3 -192.40371054410934 -41.76630372811994
4 -189.97781312465668 -41.182000462242996
5 -185.42873406410217 -41.03294083119757
6 -185.5997125506401 -40.337754773394856
7 -185.2841621041298 -39.927123963254076
8 -169.97756606340408 -37.15321080506123
9 -168.02371644973755 -36.33815176682742
10 -163.1928233988583 -35.74239985466346
11 -158.34549754858017 -34.884956467059645
12 -141.11897045373917 -30.76937686083762
13 -134.28244343400002 -29.227370478407224
14 -124.96235173940659 -27.50815321826314
15 -126.40543662011623 -27.278769979372363
16 -110.13703289628029 -24.254343826223852
17 -102.62963593006134 -22.144065107815585
18 -99.70529618859291 -21.86139194767502
19 -88.17211349308491 -18.93412649661846
20 -80.04995067417622 -17.773640667671067
21 -69.93472307920456 -16.251524732424823
22 -71.79010911821388 -15.295279851466828
23 -64.5500553525053 -14.248922255531706
24 -62.92654514685273 -13.880578810015049
25 -59.644513845443726 -13.734056892508448
26 -55.43661810271442 -12.513354538352278
27 -55.13394593819976 -12.370403083970322
28 -52.30276767723262 -11.47155847649776
29 -52.81169766234234 -11.430761099930217
30 -44.025124286301434 -10.016458630355537
31 -29.78898812830448 -6.719970621583102
32 -27.806457030645106 -6.47884361057096
33 -23.62266553984955 -5.615796733870542
34 -20.26531190192327 -4.827572916892203
35 -13.536934525240213 -3.3322555012187633
train accuracy: 0.9943622673240836
validation accuracy: 0.9936507936507937
