demos: (120, 50, 1)
demo_rewards: (120,)
[-50.0022206  -48.82373914 -47.15605336 -46.19619105 -45.59422709
 -45.36842966 -45.19068756 -44.1649084  -44.07830313 -43.99355529
 -43.86306534 -43.84874807 -43.84199129 -43.80638567 -43.80581986
 -42.75947674 -42.66316469 -42.33177225 -41.77496339 -41.41006807
 -41.17786296 -40.72352042 -40.52718976 -40.49595848 -40.42938988
 -40.05653451 -39.59232358 -39.54162101 -39.19523747 -39.17238958
 -38.51095963 -38.44726577 -38.39210704 -38.0074535  -37.46482489
 -37.10988161 -34.27116724 -34.14139118 -33.26307273 -33.13344797
 -33.07825234 -33.03213148 -32.44934973 -32.40079781 -32.40063926
 -30.73440379 -30.57151372 -30.1312365  -29.99326723 -29.66908259
 -29.29723351 -29.28889042 -29.14587835 -28.49601894 -28.49202366
 -28.31596147 -27.12111057 -26.0645326  -25.52052428 -25.27101421
 -25.06664428 -24.92584938 -24.18810567 -23.48479966 -23.15394356
 -22.9547303  -22.74124885 -22.73927354 -22.26494505 -22.15569724
 -21.05592093 -20.54335656 -20.33499634 -20.18157658 -19.5814441
 -19.37722575 -19.24313562 -19.06062023 -18.96412452 -18.44896231
 -17.74072202 -16.8588937  -16.33811941 -14.53589256 -14.44367057
 -14.20041301 -13.93697618 -13.86225304 -13.48309853 -13.45589275
 -13.35586828 -12.27851524 -12.22738746 -12.02071783 -11.9100948
 -11.40028402 -11.13461816 -10.85916692  -9.59513796  -9.28992161
  -8.23087707  -7.88236324  -7.64789842  -7.45962324  -7.12435731
  -7.05379066  -6.8530911   -6.62113845  -6.49455522  -6.11735418
  -6.0870551   -5.43500832  -5.10529174  -4.62864941  -4.47103119
  -4.45550478  -4.28054982  -3.79447357  -2.95124385  -2.54161816]
maximum traj length 50
num training_obs 1800
num training_labels 1800
num val_obs 200
num val_labels 200
ModuleList(
  (0): Linear(in_features=1, out_features=1, bias=False)
)
Total number of parameters: 1
Number of trainable paramters: 1
device: cuda:0
end of epoch 0: val_loss 0.04263671353142854, val_acc 0.995
trigger times: 0
saving model weights...
Weights: OrderedDict([('fcs.0.weight', tensor([[-0.7581]], device='cuda:0'))])
end of epoch 1: val_loss 0.042831843480271345, val_acc 0.995
trigger times: 1
end of epoch 2: val_loss 0.037983763796983115, val_acc 0.995
trigger times: 0
saving model weights...
Weights: OrderedDict([('fcs.0.weight', tensor([[-0.8056]], device='cuda:0'))])
end of epoch 3: val_loss 0.04085711911120597, val_acc 0.995
trigger times: 1
end of epoch 4: val_loss 0.04504240298250806, val_acc 0.995
trigger times: 2
end of epoch 5: val_loss 0.04476716405777552, val_acc 0.995
trigger times: 3
end of epoch 6: val_loss 0.042355439225757435, val_acc 0.995
trigger times: 4
end of epoch 7: val_loss 0.04875215325184399, val_acc 0.995
trigger times: 5
end of epoch 8: val_loss 0.041695330910188205, val_acc 0.995
trigger times: 6
end of epoch 9: val_loss 0.0431125175154375, val_acc 0.995
trigger times: 7
end of epoch 10: val_loss 0.04347313553811546, val_acc 0.995
trigger times: 8
end of epoch 11: val_loss 0.04274356538353459, val_acc 0.995
trigger times: 9
end of epoch 12: val_loss 0.04374219391414954, val_acc 0.995
trigger times: 10
Early stopping.
0 -10.220186753198504 -50.00222059884506
1 -7.752880819141865 -48.823739140882175
2 -7.907582343555987 -47.15605336419176
3 -7.206918261945248 -46.19619104961985
4 -10.291676342487335 -45.594227093057754
5 -8.391764543950558 -45.36842966452394
6 -11.112091585993767 -45.19068756322445
7 -8.213406026363373 -44.16490839583478
8 -6.081260887905955 -44.078303125872196
9 -9.181816574186087 -43.993555290419714
10 -6.212330494076014 -43.86306534422809
11 -8.77008867636323 -43.84874807044028
12 -7.955397550016642 -43.84199129025074
13 -5.751698903739452 -43.806385671938365
14 -5.510362828150392 -43.80581985978556
15 -6.431312434375286 -42.7594767358323
16 -5.06247489200905 -42.66316468983175
17 -7.629730751737952 -42.33177224591743
18 -7.913615800440311 -41.774963389485094
19 -7.47111889347434 -41.410068073767725
20 -6.9594662096351385 -41.17786296442943
21 -6.020766492933035 -40.723520424948155
22 -8.547390259802341 -40.527189756101116
23 -7.163860104978085 -40.49595848244517
24 -8.372944638133049 -40.429389880911344
25 -7.562823846936226 -40.05653450521898
26 -6.9659293396398425 -39.59232357792555
27 -10.03785053640604 -39.54162101198148
28 -8.119962909258902 -39.195237471709476
29 -8.567835591733456 -39.172389579378766
30 -6.813027469441295 -38.51095963496708
31 -6.899069814011455 -38.447265769744824
32 -9.071256548166275 -38.392107037026264
33 -4.97142000682652 -38.00745349944469
34 -5.222081456333399 -37.46482488602393
35 -8.657355576753616 -37.10988160586883
36 -6.458092145621777 -34.27116723637227
37 -4.661815796047449 -34.14139118114101
38 -5.545867482665926 -33.263072731706835
39 -5.508179121883586 -33.13344797200536
40 -4.763615112751722 -33.07825234291984
41 -7.180599093437195 -33.0321314765637
42 -9.571144230663776 -32.44934973065406
43 -4.049010582268238 -32.4007978120153
44 -6.713712647557259 -32.40063925734975
45 -3.257577545940876 -30.734403792103194
46 -3.226766983512789 -30.57151371770873
47 -5.7161735743284225 -30.131236504472803
48 -5.363523539155722 -29.99326722619033
49 -4.5580429174005985 -29.66908258985071
50 -8.222650561481714 -29.297233511513635
51 -4.339607276022434 -29.288890423975797
52 -3.873652722686529 -29.145878352769948
53 -4.877386691980064 -28.49601894351319
54 -5.368063855916262 -28.492023661124072
55 -5.991486413870007 -28.315961465855167
56 -3.8163081519305706 -27.121110566589827
57 -3.187508212402463 -26.064532595535336
58 -4.4121636766940355 -25.520524278341334
59 -4.79425466991961 -25.27101421179229
60 -4.485222890973091 -25.066644278800943
61 -5.186767544597387 -24.925849381327673
62 -4.436710621230304 -24.188105669766596
63 -4.79762495867908 -23.48479966198816
64 -2.9363929538521916 -23.153943559703283
65 -4.143094567582011 -22.954730295117237
66 -3.745691565796733 -22.74124885266394
67 -4.145405949209817 -22.739273544503753
68 -2.3402038160711527 -22.264945050603636
69 -5.4525519432500005 -22.15569724300287
70 -2.909537147730589 -21.055920928583344
71 -2.9054721733555198 -20.543356562348553
72 -3.5371799785643816 -20.33499633836848
73 -3.940065528266132 -20.18157658281111
74 -4.450501153245568 -19.58144410477429
75 -4.365380228962749 -19.377225745334304
76 -2.808071231469512 -19.243135617403095
77 -3.0537981493398547 -19.060620225371707
78 -4.0560586750507355 -18.964124524696246
79 -4.068871321622282 -18.448962308005108
80 -4.881553133949637 -17.740722019993825
81 -1.687979524023831 -16.85889369985028
82 -2.924113384797238 -16.3381194095591
83 -3.4510385845787823 -14.535892564189266
84 -2.8002245854586363 -14.443670567499144
85 -2.916344366502017 -14.200413010108107
86 -3.5182642191648483 -13.936976181618805
87 -2.4639508267864585 -13.862253042167257
88 -3.4522792855277658 -13.483098530680483
89 -3.0913000581786036 -13.455892754889845
90 -2.3056798505131155 -13.355868275096913
91 -3.480839636642486 -12.278515244993585
92 -1.5612116479314864 -12.227387460046547
93 -1.8887105826288462 -12.020717825467683
94 -3.3761889934539795 -11.910094799877324
95 -2.1055086296983063 -11.400284019256157
96 -3.15836224402301 -11.134618158086587
97 -1.6948355855420232 -10.859166921158222
98 -1.5031947013922036 -9.595137958067907
99 -2.90720628015697 -9.289921608799773
100 -3.981208032462746 -8.230877068641124
101 -3.9423903161659837 -7.882363241796725
102 -4.0169750563800335 -7.6478984168416355
103 -3.822945104446262 -7.459623237418707
104 -3.7019366212189198 -7.124357312750265
105 -3.2871004678308964 -7.05379065585803
106 -3.281873414758593 -6.853091098326624
107 -3.2715001478791237 -6.6211384471641495
108 -3.4193957429379225 -6.494555224953677
109 -3.011257733218372 -6.117354180737655
110 -2.777050457894802 -6.087055095509873
111 -2.503320997580886 -5.43500831968483
112 -2.1371400747448206 -5.105291741614599
113 -2.2747955676168203 -4.628649413275992
114 -1.9051298992708325 -4.471031187897325
115 -1.9618844892829657 -4.455504779070034
116 -1.8251267494633794 -4.2805498188182405
117 -1.7519486788660288 -3.7944735717969627
118 -1.147443301975727 -2.9512438456190186
119 -0.9524059598334134 -2.541618164765197
train accuracy: 0.9966666666666667
validation accuracy: 0.995
