demos: (120, 50, 1)
demo_rewards: (120,)
[-50.0022206  -48.82373914 -47.15605336 -46.19619105 -45.59422709
 -45.36842966 -45.19068756 -44.1649084  -44.07830313 -43.99355529
 -43.86306534 -43.84874807 -43.84199129 -43.80638567 -43.80581986
 -42.75947674 -42.66316469 -42.33177225 -41.77496339 -41.41006807
 -41.17786296 -40.72352042 -40.52718976 -40.49595848 -40.42938988
 -40.05653451 -39.59232358 -39.54162101 -39.19523747 -39.17238958
 -38.51095963 -38.44726577 -38.39210704 -38.0074535  -37.46482489
 -37.10988161 -34.27116724 -34.14139118 -33.26307273 -33.13344797
 -33.07825234 -33.03213148 -32.44934973 -32.40079781 -32.40063926
 -30.73440379 -30.57151372 -30.1312365  -29.99326723 -29.66908259
 -29.29723351 -29.28889042 -29.14587835 -28.49601894 -28.49202366
 -28.31596147 -27.12111057 -26.0645326  -25.52052428 -25.27101421
 -25.06664428 -24.92584938 -24.18810567 -23.48479966 -23.15394356
 -22.9547303  -22.74124885 -22.73927354 -22.26494505 -22.15569724
 -21.05592093 -20.54335656 -20.33499634 -20.18157658 -19.5814441
 -19.37722575 -19.24313562 -19.06062023 -18.96412452 -18.44896231
 -17.74072202 -16.8588937  -16.33811941 -14.53589256 -14.44367057
 -14.20041301 -13.93697618 -13.86225304 -13.48309853 -13.45589275
 -13.35586828 -12.27851524 -12.22738746 -12.02071783 -11.9100948
 -11.40028402 -11.13461816 -10.85916692  -9.59513796  -9.28992161
  -8.23087707  -7.88236324  -7.64789842  -7.45962324  -7.12435731
  -7.05379066  -6.8530911   -6.62113845  -6.49455522  -6.11735418
  -6.0870551   -5.43500832  -5.10529174  -4.62864941  -4.47103119
  -4.45550478  -4.28054982  -3.79447357  -2.95124385  -2.54161816]
maximum traj length 50
num training_obs 1800
num training_labels 1800
num val_obs 200
num val_labels 200
ModuleList(
  (0): Linear(in_features=1, out_features=1, bias=False)
)
Total number of parameters: 1
Number of trainable paramters: 1
device: cuda:0
end of epoch 0: val_loss 0.03965668013006507, val_acc 1.0
trigger times: 0
saving model weights...
Weights: OrderedDict([('fcs.0.weight', tensor([[-0.7596]], device='cuda:0'))])
end of epoch 1: val_loss 0.038083225101909195, val_acc 1.0
trigger times: 0
saving model weights...
Weights: OrderedDict([('fcs.0.weight', tensor([[-0.7759]], device='cuda:0'))])
end of epoch 2: val_loss 0.035141206403022804, val_acc 1.0
trigger times: 0
saving model weights...
Weights: OrderedDict([('fcs.0.weight', tensor([[-0.8092]], device='cuda:0'))])
end of epoch 3: val_loss 0.03638694167257199, val_acc 1.0
trigger times: 1
end of epoch 4: val_loss 0.03675911337944854, val_acc 1.0
trigger times: 2
end of epoch 5: val_loss 0.04180323271262751, val_acc 1.0
trigger times: 3
end of epoch 6: val_loss 0.03645712542878755, val_acc 1.0
trigger times: 4
end of epoch 7: val_loss 0.04073038394963078, val_acc 1.0
trigger times: 5
end of epoch 8: val_loss 0.04872689471347257, val_acc 1.0
trigger times: 6
end of epoch 9: val_loss 0.04212622264320089, val_acc 1.0
trigger times: 7
end of epoch 10: val_loss 0.04255110952006362, val_acc 1.0
trigger times: 8
end of epoch 11: val_loss 0.04669863105780678, val_acc 1.0
trigger times: 9
end of epoch 12: val_loss 0.04086357356274675, val_acc 1.0
trigger times: 10
Early stopping.
0 -10.21646185964346 -50.00222059884506
1 -7.750055216252804 -48.823739140882175
2 -7.904700371436775 -47.15605336419176
3 -7.204291686415672 -46.19619104961985
4 -10.287925466895103 -45.594227093057754
5 -8.38870607316494 -45.36842966452394
6 -11.108041778206825 -45.19068756322445
7 -8.210412595421076 -44.16490839583478
8 -6.079044599086046 -44.078303125872196
9 -9.178470201790333 -43.993555290419714
10 -6.2100664265453815 -43.86306534422809
11 -8.766892308369279 -43.84874807044028
12 -7.9524981416761875 -43.84199129025074
13 -5.749602658674121 -43.806385671938365
14 -5.508354582823813 -43.80581985978556
15 -6.428968448191881 -42.7594767358323
16 -5.060629816958681 -42.66316468983175
17 -7.62695000320673 -42.33177224591743
18 -7.9107315838336945 -41.774963389485094
19 -7.468396004289389 -41.410068073767725
20 -6.956929778680205 -41.17786296442943
21 -6.018572222441435 -40.723520424948155
22 -8.544275142252445 -40.527189756101116
23 -7.161249205470085 -40.49595848244517
24 -8.369893066585064 -40.429389880911344
25 -7.560067515820265 -40.05653450521898
26 -6.963390512391925 -39.59232357792555
27 -10.034192211925983 -39.54162101198148
28 -8.117003508843482 -39.195237471709476
29 -8.564713045954704 -39.172389579378766
30 -6.810544395819306 -38.51095963496708
31 -6.896555334329605 -38.447265769744824
32 -9.067950516939163 -38.392107037026264
33 -4.969608211889863 -38.00745349944469
34 -5.220178246498108 -37.46482488602393
35 -8.654200285673141 -37.10988160586883
36 -6.455738417804241 -34.27116723637227
37 -4.6601168205961585 -34.14139118114101
38 -5.5438462579622865 -33.263072731706835
39 -5.506171623710543 -33.13344797200536
40 -4.761878963559866 -33.07825234291984
41 -7.1779820546507835 -33.0321314765637
42 -9.567655973136425 -32.44934973065406
43 -4.047534894198179 -32.4007978120153
44 -6.7112658098340034 -32.40063925734975
45 -3.2563902996480465 -30.734403792103194
46 -3.225590963847935 -30.57151371770873
47 -5.714090254157782 -30.131236504472803
48 -5.361568778753281 -29.99326722619033
49 -4.556381743401289 -29.66908258985071
50 -8.219653747975826 -29.297233511513635
51 -4.338025671429932 -29.288890423975797
52 -3.872240947559476 -29.145878352769948
53 -4.875609143171459 -28.49601894351319
54 -5.366107430309057 -28.492023661124072
55 -5.98930276860483 -28.315961465855167
56 -3.814917264506221 -27.121110566589827
57 -3.1863464899361134 -26.064532595535336
58 -4.410555653274059 -25.520524278341334
59 -4.792507411912084 -25.27101421179229
60 -4.483588170260191 -25.066644278800943
61 -5.184877224266529 -24.925849381327673
62 -4.435093644075096 -24.188105669766596
63 -4.795876456424594 -23.48479966198816
64 -2.9353227698011324 -23.153943559703283
65 -4.141584591940045 -22.954730295117237
66 -3.7443264313042164 -22.74124885266394
67 -4.143895181128755 -22.739273544503753
68 -2.3393509099259973 -22.264945050603636
69 -5.450564774684608 -22.15569724300287
70 -2.9084767512977123 -21.055920928583344
71 -2.904413254931569 -20.543356562348553
72 -3.5358908530324697 -20.33499633836848
73 -3.9386295401491225 -20.18157658281111
74 -4.448879170231521 -19.58144410477429
75 -4.363789280876517 -19.377225745334304
76 -2.807047816924751 -19.243135617403095
77 -3.0526852048933506 -19.060620225371707
78 -4.054580450057983 -18.964124524696246
79 -4.067388412542641 -18.448962308005108
80 -4.87977403588593 -17.740722019993825
81 -1.6873643435537815 -16.85889369985028
82 -2.9230476709781215 -16.3381194095591
83 -3.4497808194719255 -14.535892564189266
84 -2.7992040403187275 -14.443670567499144
85 -2.915281472261995 -14.200413010108107
86 -3.516981976106763 -13.936976181618805
87 -2.4630528409034014 -13.862253042167257
88 -3.4510210970183834 -13.483098530680483
89 -3.090173411183059 -13.455892754889845
90 -2.3048395335208625 -13.355868275096913
91 -3.4795710342004895 -12.278515244993585
92 -1.5606426447629929 -12.227387460046547
93 -1.8880222532898188 -12.020717825467683
94 -3.3749585524201393 -11.910094799877324
95 -2.104741270188242 -11.400284019256157
96 -3.157211160287261 -11.134618158086587
97 -1.6942179056350142 -10.859166921158222
98 -1.502646865323186 -9.595137958067907
99 -2.9061467330902815 -9.289921608799773
100 -3.9797571061644703 -8.230877068641124
101 -3.940953471697867 -7.882363241796725
102 -4.015511022880673 -7.6478984168416355
103 -3.8215518430806696 -7.459623237418707
104 -3.700587386265397 -7.124357312750265
105 -3.2859024591743946 -7.05379065585803
106 -3.280677263624966 -6.853091098326624
107 -3.27030782494694 -6.6211384471641495
108 -3.4181495159864426 -6.494555224953677
109 -3.010160275734961 -6.117354180737655
110 -2.77603832539171 -6.087055095509873
111 -2.502408684231341 -5.43500831968483
112 -2.136361199314706 -5.105291741614599
113 -2.2739665172994137 -4.628649413275992
114 -1.9044355689547956 -4.471031187897325
115 -1.9611694789491594 -4.455504779070034
116 -1.8244615723378956 -4.2805498188182405
117 -1.7513101641088724 -3.7944735717969627
118 -1.1470251120626926 -2.9512438456190186
119 -0.9520588553859852 -2.541618164765197
train accuracy: 0.9977777777777778
validation accuracy: 1.0
