demos: (120, 50, 12)
demo_rewards: (120,)
[-50.0022206  -48.82373914 -47.15605336 -46.19619105 -45.59422709
 -45.36842966 -45.19068756 -44.1649084  -44.07830313 -43.99355529
 -43.86306534 -43.84874807 -43.84199129 -43.80638567 -43.80581986
 -42.75947674 -42.66316469 -42.33177225 -41.77496339 -41.41006807
 -41.17786296 -40.72352042 -40.52718976 -40.49595848 -40.42938988
 -40.05653451 -39.59232358 -39.54162101 -39.19523747 -39.17238958
 -38.51095963 -38.44726577 -38.39210704 -38.0074535  -37.46482489
 -37.10988161 -34.27116724 -34.14139118 -33.26307273 -33.13344797
 -33.07825234 -33.03213148 -32.44934973 -32.40079781 -32.40063926
 -30.73440379 -30.57151372 -30.1312365  -29.99326723 -29.66908259
 -29.29723351 -29.28889042 -29.14587835 -28.49601894 -28.49202366
 -28.31596147 -27.12111057 -26.0645326  -25.52052428 -25.27101421
 -25.06664428 -24.92584938 -24.18810567 -23.48479966 -23.15394356
 -22.9547303  -22.74124885 -22.73927354 -22.26494505 -22.15569724
 -21.05592093 -20.54335656 -20.33499634 -20.18157658 -19.5814441
 -19.37722575 -19.24313562 -19.06062023 -18.96412452 -18.44896231
 -17.74072202 -16.8588937  -16.33811941 -14.53589256 -14.44367057
 -14.20041301 -13.93697618 -13.86225304 -13.48309853 -13.45589275
 -13.35586828 -12.27851524 -12.22738746 -12.02071783 -11.9100948
 -11.40028402 -11.13461816 -10.85916692  -9.59513796  -9.28992161
  -8.23087707  -7.88236324  -7.64789842  -7.45962324  -7.12435731
  -7.05379066  -6.8530911   -6.62113845  -6.49455522  -6.11735418
  -6.0870551   -5.43500832  -5.10529174  -4.62864941  -4.47103119
  -4.45550478  -4.28054982  -3.79447357  -2.95124385  -2.54161816]
maximum traj length 50
num training_obs 1800
num training_labels 1800
num val_obs 200
num val_labels 200
Normalizing input features...
ModuleList(
  (0): Linear(in_features=12, out_features=1, bias=False)
)
Total number of parameters: 36
Number of trainable paramters: 36
device: cuda:0
end of epoch 0: val_loss 0.4223630672087893, val_acc 0.835
trigger times: 0
saving model weights...
Weights: OrderedDict([('layer_norm.weight', tensor([ 1.8002e-01,  9.0442e-05,  2.1300e-01,  1.4755e-01,  1.5290e-01,
        -6.2988e-04, -6.4118e-06, -5.5627e-05,  2.4776e-04,  6.6657e-04,
        -3.1550e-04, -4.4700e-04], device='cuda:0')), ('layer_norm.bias', tensor([ 0.0050, -0.0049,  0.0004,  0.0048, -0.0051,  0.0050,  0.0014,  0.0049,
        -0.0005,  0.0026,  0.0048, -0.0004], device='cuda:0')), ('fcs.0.weight', tensor([[ 1.1663e-01,  1.5727e-05,  1.5000e-01, -1.0937e-01, -1.4549e-01,
          1.0869e-05, -4.1234e-05,  1.1740e-05, -2.5066e-04, -1.9411e-04,
         -3.0611e-05,  1.1877e-04]], device='cuda:0'))])
end of epoch 1: val_loss 0.48201741188764574, val_acc 0.76
trigger times: 1
end of epoch 2: val_loss 0.48407946864143014, val_acc 0.765
trigger times: 2
end of epoch 3: val_loss 0.5141022345237434, val_acc 0.8
trigger times: 3
end of epoch 4: val_loss 0.5642933858931065, val_acc 0.8
trigger times: 4
end of epoch 5: val_loss 0.5435350446403027, val_acc 0.8
trigger times: 5
end of epoch 6: val_loss 0.5527496188879013, val_acc 0.76
trigger times: 6
end of epoch 7: val_loss 0.5133540247380733, val_acc 0.8
trigger times: 7
end of epoch 8: val_loss 0.5135893067717552, val_acc 0.8
trigger times: 8
end of epoch 9: val_loss 0.5424814890511334, val_acc 0.8
trigger times: 9
end of epoch 10: val_loss 0.6043910582363605, val_acc 0.8
trigger times: 10
Early stopping.
0 -0.05987488164100796 -50.00222059884506
1 -0.03448051472514635 -48.823739140882175
2 -0.07229967776765989 -47.15605336419176
3 -0.029831461899448186 -46.19619104961985
4 0.04936078077298589 -45.594227093057754
5 -0.01637300496804528 -45.36842966452394
6 0.014858664719213266 -45.19068756322445
7 0.12019765976583585 -44.16490839583478
8 0.07164831496993429 -44.078303125872196
9 0.09316312614828348 -43.993555290419714
10 0.09434734997921623 -43.86306534422809
11 -0.14915984249273606 -43.84874807044028
12 -0.07898962734361703 -43.84199129025074
13 0.07084948588453699 -43.806385671938365
14 0.04818416584748775 -43.80581985978556
15 -0.009832089010160416 -42.7594767358323
16 0.04636497734463774 -42.66316468983175
17 -0.17966971469650161 -42.33177224591743
18 0.10501303579803789 -41.774963389485094
19 -0.0941736693639541 -41.410068073767725
20 -0.11706474932725541 -41.17786296442943
21 -0.1662528091110289 -40.723520424948155
22 0.018357160188315902 -40.527189756101116
23 -0.04789071757841157 -40.49595848244517
24 0.023622713546501473 -40.429389880911344
25 -0.05542730735760415 -40.05653450521898
26 0.0028744175033352803 -39.59232357792555
27 -0.003728230087290285 -39.54162101198148
28 0.03781825648911763 -39.195237471709476
29 0.14354469250247348 -39.172389579378766
30 -0.16311556234722957 -38.51095963496708
31 0.010839978029252961 -38.447265769744824
32 -0.012477386684622616 -38.392107037026264
33 -0.03860333932971116 -38.00745349944469
34 0.06166290392684459 -37.46482488602393
35 0.07575187525799265 -37.10988160586883
36 -0.17000532835663762 -34.27116723637227
37 -0.06309576611965895 -34.14139118114101
38 0.10883223684368204 -33.263072731706835
39 -0.05131899900152348 -33.13344797200536
40 -0.1883997486656881 -33.07825234291984
41 0.0033660455519566312 -33.0321314765637
42 -0.175806185275178 -32.44934973065406
43 -0.26828748812840786 -32.4007978120153
44 0.15300455238320865 -32.40063925734975
45 0.049590275091759395 -30.734403792103194
46 -0.0017972654895856977 -30.57151371770873
47 0.009253186552086845 -30.131236504472803
48 -0.12878121282847133 -29.99326722619033
49 0.04143925232347101 -29.66908258985071
50 -0.01467254292947473 -29.297233511513635
51 -0.14869250933406875 -29.288890423975797
52 0.20054145669564605 -29.145878352769948
53 0.028081616037525237 -28.49601894351319
54 0.13067022670293227 -28.492023661124072
55 -0.1751917263973155 -28.315961465855167
56 0.05235878797248006 -27.121110566589827
57 0.23085992742562667 -26.064532595535336
58 -0.22352267369933543 -25.520524278341334
59 -0.13907387208791988 -25.27101421179229
60 0.2540825401665643 -25.066644278800943
61 -0.027869640880453517 -24.925849381327673
62 -0.06358309868483047 -24.188105669766596
63 0.09189218387473375 -23.48479966198816
64 0.2501646287710173 -23.153943559703283
65 -0.04251559414115036 -22.954730295117237
66 0.06048220515367575 -22.74124885266394
67 0.18155923104495741 -22.739273544503753
68 0.28997595023247413 -22.264945050603636
69 0.07990866959153209 -22.15569724300287
70 -0.18865655457921093 -21.055920928583344
71 0.322434492118191 -20.543356562348553
72 0.2973051892768126 -20.33499633836848
73 0.16035756806377321 -20.18157658281111
74 0.106401005628868 -19.58144410477429
75 0.1047341805024189 -19.377225745334304
76 -0.3074885965907015 -19.243135617403095
77 0.21398671086853938 -19.060620225371707
78 0.01599772012559697 -18.964124524696246
79 -0.13523422862635925 -18.448962308005108
80 0.279300946353942 -17.740722019993825
81 0.10279845552258848 -16.85889369985028
82 0.289985128409171 -16.3381194095591
83 0.3697768715574057 -14.535892564189266
84 0.3157539396197535 -14.443670567499144
85 0.24363394884130685 -14.200413010108107
86 -0.18097853010112885 -13.936976181618805
87 -0.3759169017394015 -13.862253042167257
88 0.22635256666399073 -13.483098530680483
89 0.3680612935713725 -13.455892754889845
90 0.27615258982405066 -13.355868275096913
91 0.43884604187041987 -12.278515244993585
92 0.3073392189544393 -12.227387460046547
93 0.334542986638553 -12.020717825467683
94 0.5354238874042494 -11.910094799877324
95 -0.1683169647349132 -11.400284019256157
96 0.41477859783162785 -11.134618158086587
97 -0.16946348419878632 -10.859166921158222
98 0.20622864685719833 -9.595137958067907
99 0.46936768702289555 -9.289921608799773
100 0.049738043460820336 -8.230877068641124
101 0.39665128210617695 -7.882363241796725
102 0.41180447379883844 -7.6478984168416355
103 0.37998333291034214 -7.459623237418707
104 0.41483906930079684 -7.124357312750265
105 -0.5326122261176351 -7.05379065585803
106 0.4586570899700746 -6.853091098326624
107 0.5045021513651591 -6.6211384471641495
108 -0.5134038166870596 -6.494555224953677
109 0.5248028457644978 -6.117354180737655
110 -0.2514233816182241 -6.087055095509873
111 0.03538045601453632 -5.43500831968483
112 0.48670568624220323 -5.105291741614599
113 0.42358438507653773 -4.628649413275992
114 0.5060905086866114 -4.471031187897325
115 0.23781119799241424 -4.455504779070034
116 -0.0031739060432300903 -4.2805498188182405
117 -0.004265638919605408 -3.7944735717969627
118 0.47918983463023324 -2.9512438456190186
119 0.39348854358831886 -2.541618164765197
train accuracy: 0.765
validation accuracy: 0.8
