demos: (120, 50, 2)
demo_rewards: (120,)
[-50.0022206  -48.82373914 -47.15605336 -46.19619105 -45.59422709
 -45.36842966 -45.19068756 -44.1649084  -44.07830313 -43.99355529
 -43.86306534 -43.84874807 -43.84199129 -43.80638567 -43.80581986
 -42.75947674 -42.66316469 -42.33177225 -41.77496339 -41.41006807
 -41.17786296 -40.72352042 -40.52718976 -40.49595848 -40.42938988
 -40.05653451 -39.59232358 -39.54162101 -39.19523747 -39.17238958
 -38.51095963 -38.44726577 -38.39210704 -38.0074535  -37.46482489
 -37.10988161 -34.27116724 -34.14139118 -33.26307273 -33.13344797
 -33.07825234 -33.03213148 -32.44934973 -32.40079781 -32.40063926
 -30.73440379 -30.57151372 -30.1312365  -29.99326723 -29.66908259
 -29.29723351 -29.28889042 -29.14587835 -28.49601894 -28.49202366
 -28.31596147 -27.12111057 -26.0645326  -25.52052428 -25.27101421
 -25.06664428 -24.92584938 -24.18810567 -23.48479966 -23.15394356
 -22.9547303  -22.74124885 -22.73927354 -22.26494505 -22.15569724
 -21.05592093 -20.54335656 -20.33499634 -20.18157658 -19.5814441
 -19.37722575 -19.24313562 -19.06062023 -18.96412452 -18.44896231
 -17.74072202 -16.8588937  -16.33811941 -14.53589256 -14.44367057
 -14.20041301 -13.93697618 -13.86225304 -13.48309853 -13.45589275
 -13.35586828 -12.27851524 -12.22738746 -12.02071783 -11.9100948
 -11.40028402 -11.13461816 -10.85916692  -9.59513796  -9.28992161
  -8.23087707  -7.88236324  -7.64789842  -7.45962324  -7.12435731
  -7.05379066  -6.8530911   -6.62113845  -6.49455522  -6.11735418
  -6.0870551   -5.43500832  -5.10529174  -4.62864941  -4.47103119
  -4.45550478  -4.28054982  -3.79447357  -2.95124385  -2.54161816]
maximum traj length 50
num training_obs 1800
num training_labels 1800
num val_obs 200
num val_labels 200
ModuleList(
  (0): Linear(in_features=2, out_features=1, bias=False)
)
Total number of parameters: 2
Number of trainable paramters: 2
device: cuda:0
end of epoch 0: val_loss 0.03828289203097483, val_acc 0.99
trigger times: 0
saving model weights...
Weights: OrderedDict([('fcs.0.weight', tensor([[ 0.0029, -0.7795]], device='cuda:0'))])
end of epoch 1: val_loss 0.027348449610799436, val_acc 1.0
trigger times: 0
saving model weights...
Weights: OrderedDict([('fcs.0.weight', tensor([[-0.0203, -0.8369]], device='cuda:0'))])
end of epoch 2: val_loss 0.02943729092612557, val_acc 1.0
trigger times: 1
end of epoch 3: val_loss 0.03132571494360491, val_acc 1.0
trigger times: 2
end of epoch 4: val_loss 0.03513214380000136, val_acc 1.0
trigger times: 3
end of epoch 5: val_loss 0.03295410562840516, val_acc 1.0
trigger times: 4
end of epoch 6: val_loss 0.03064153915669067, val_acc 0.995
trigger times: 5
end of epoch 7: val_loss 0.028452200907599944, val_acc 1.0
trigger times: 6
end of epoch 8: val_loss 0.03243409426095241, val_acc 1.0
trigger times: 7
end of epoch 9: val_loss 0.031147598890208884, val_acc 0.99
trigger times: 8
end of epoch 10: val_loss 0.03249882736134168, val_acc 1.0
trigger times: 9
end of epoch 11: val_loss 0.03280857562342135, val_acc 1.0
trigger times: 10
Early stopping.
0 -10.959870161488652 -50.00222059884506
1 -8.21103811264038 -48.823739140882175
2 -8.514106135815382 -47.15605336419176
3 -7.669805772602558 -46.19619104961985
4 -11.097250580787659 -45.594227093057754
5 -8.998911157250404 -45.36842966452394
6 -12.135576516389847 -45.19068756322445
7 -8.91057874634862 -44.16490839583478
8 -6.471481587737799 -44.078303125872196
9 -9.772962842136621 -43.993555290419714
10 -6.727647805586457 -43.86306534422809
11 -9.42372191697359 -43.84874807044028
12 -8.447443459182978 -43.84199129025074
13 -6.16552110761404 -43.806385671938365
14 -6.096262497827411 -43.80581985978556
15 -6.923790626227856 -42.7594767358323
16 -5.617118325084448 -42.66316468983175
17 -8.169836880639195 -42.33177224591743
18 -8.612577468156815 -41.774963389485094
19 -7.8797521106898785 -41.410068073767725
20 -7.372381612658501 -41.17786296442943
21 -6.478242188692093 -40.723520424948155
22 -9.160653986036777 -40.527189756101116
23 -7.744880028069019 -40.49595848244517
24 -9.150255352258682 -40.429389880911344
25 -8.071511305868626 -40.05653450521898
26 -7.3700265083462 -39.59232357792555
27 -10.505408398807049 -39.54162101198148
28 -8.532228560186923 -39.195237471709476
29 -9.225945301353931 -39.172389579378766
30 -7.504775628447533 -38.51095963496708
31 -7.12977091781795 -38.447265769744824
32 -9.477367751300335 -38.392107037026264
33 -5.498926965519786 -38.00745349944469
34 -5.96508015319705 -37.46482488602393
35 -9.16141426563263 -37.10988160586883
36 -7.136006951332092 -34.27116723637227
37 -5.027678611688316 -34.14139118114101
38 -5.739734752962249 -33.263072731706835
39 -5.980287242680788 -33.13344797200536
40 -5.065822221338749 -33.07825234291984
41 -7.927274651825428 -33.0321314765637
42 -10.007173808291554 -32.44934973065406
43 -4.601647198200226 -32.4007978120153
44 -7.002340979874134 -32.40063925734975
45 -3.744129713624716 -30.734403792103194
46 -3.770023299381137 -30.57151371770873
47 -6.039068475365639 -30.131236504472803
48 -5.475090526044369 -29.99326722619033
49 -5.018358305096626 -29.66908258985071
50 -9.071904981508851 -29.297233511513635
51 -4.784925093874335 -29.288890423975797
52 -4.20480178669095 -29.145878352769948
53 -4.8848067637991335 -28.49601894351319
54 -5.785979952663183 -28.492023661124072
55 -6.468241426162422 -28.315961465855167
56 -4.518963284790516 -27.121110566589827
57 -3.5768117997795343 -26.064532595535336
58 -4.653859414160252 -25.520524278341334
59 -4.863208252936602 -25.27101421179229
60 -4.897537037730217 -25.066644278800943
61 -5.758940301835537 -24.925849381327673
62 -5.118504844605923 -24.188105669766596
63 -4.83553378470242 -23.48479966198816
64 -3.0167242975439876 -23.153943559703283
65 -4.172792183700949 -22.954730295117237
66 -4.4183065220713615 -22.74124885266394
67 -4.674950186628848 -22.739273544503753
68 -2.813217766582966 -22.264945050603636
69 -5.66167845739983 -22.15569724300287
70 -3.5665639378130436 -21.055920928583344
71 -3.155633640475571 -20.543356562348553
72 -3.934820421040058 -20.33499633836848
73 -4.235870060510933 -20.18157658281111
74 -4.470267483498901 -19.58144410477429
75 -4.518616281449795 -19.377225745334304
76 -3.2579689463600516 -19.243135617403095
77 -3.289566551335156 -19.060620225371707
78 -4.740670392289758 -18.964124524696246
79 -4.291462098248303 -18.448962308005108
80 -5.25463374145329 -17.740722019993825
81 -2.291543369181454 -16.85889369985028
82 -3.1489162047801074 -16.3381194095591
83 -3.681789812166244 -14.535892564189266
84 -3.0643380507826805 -14.443670567499144
85 -2.9314928060921375 -14.200413010108107
86 -3.6462608873844147 -13.936976181618805
87 -2.9673935920000076 -13.862253042167257
88 -4.018581135198474 -13.483098530680483
89 -3.214061126578599 -13.455892754889845
90 -2.7928757406771183 -13.355868275096913
91 -3.7827957808040082 -12.278515244993585
92 -1.9525486715137959 -12.227387460046547
93 -2.3120474573224783 -12.020717825467683
94 -3.8183267414569855 -11.910094799877324
95 -2.6913017500191927 -11.400284019256157
96 -3.452869499451481 -11.134618158086587
97 -2.2797748455777764 -10.859166921158222
98 -2.069024664349854 -9.595137958067907
99 -3.0397935155779123 -9.289921608799773
100 -3.895763628941495 -8.230877068641124
101 -4.058822676539421 -7.882363241796725
102 -4.237740382552147 -7.6478984168416355
103 -3.9478014172054827 -7.459623237418707
104 -3.9192732237279415 -7.124357312750265
105 -3.5160724464803934 -7.05379065585803
106 -3.5468540508300066 -6.853091098326624
107 -3.583808504976332 -6.6211384471641495
108 -3.7221227791160345 -6.494555224953677
109 -3.2179165920242667 -6.117354180737655
110 -3.3831147588789463 -6.087055095509873
111 -3.1486690789461136 -5.43500831968483
112 -2.2516862209740793 -5.105291741614599
113 -2.5190642727538943 -4.628649413275992
114 -1.9982705528382212 -4.471031187897325
115 -2.507785638794303 -4.455504779070034
116 -2.4539763648062944 -4.2805498188182405
117 -2.377541432157159 -3.7944735717969627
118 -1.5426166346296668 -2.9512438456190186
119 -1.3929983479902148 -2.541618164765197
train accuracy: 1.0
validation accuracy: 1.0
