demos: (120, 50, 7)
demo_rewards: (120,)
[-54.98547503 -50.4922686  -50.03933802 -49.75347185 -49.72654641
 -46.98011874 -45.73515428 -45.67057988 -44.99030608 -44.14602409
 -43.81326882 -43.18878399 -42.29180715 -42.00401746 -41.69100444
 -41.68588229 -41.2817771  -40.44278203 -40.34838366 -39.59970115
 -39.57586365 -39.31972693 -39.02461056 -38.45534494 -38.4127039
 -38.35634328 -37.79713617 -37.74152899 -37.66475324 -37.51313938
 -37.1809993  -37.10070314 -37.00630589 -36.82191677 -36.48799015
 -36.2096527  -36.19207562 -36.11445903 -35.78149902 -35.39450387
 -35.262825   -35.24303541 -35.20970524 -35.06544085 -34.80241748
 -34.64469045 -33.84284986 -32.70706485 -31.9690994  -31.7109134
 -31.64414356 -31.39238276 -31.22319602 -31.12953085 -29.3915714
 -29.34012561 -29.10618999 -27.4110235  -27.34372236 -27.19668163
 -27.07399029 -26.70472176 -26.2447949  -25.54836509 -25.45878529
 -24.879107   -24.82869536 -24.59274514 -23.97874558 -23.57262108
 -23.44970808 -22.74530916 -22.60679894 -22.19891032 -20.65686376
 -20.44447256 -20.1969901  -20.13839115 -19.63760344 -19.51559872
 -18.9283881  -17.99477406 -17.5574237  -16.82307393 -14.8550828
 -14.5314246  -14.44242009 -13.59601285 -12.68135973 -12.66418206
 -12.30017947 -12.15190477 -11.78885214 -10.8699891  -10.3276815
  -9.85721598  -8.330117    -8.13319584  -8.10819769  -7.57539849
  -7.36244313  -7.10832736  -6.95906356  -6.77694649  -6.72206384
  -6.71997062  -6.53544734  -6.51820418  -5.61579673  -5.3472021
  -5.07848501  -5.02795798  -4.82757292  -4.63049542  -4.230832
  -4.03104862  -3.38446715  -3.3322555   -2.64166233  -1.91361965]
maximum traj length 50
num training_obs 1800
num training_labels 1800
num val_obs 200
num val_labels 200
ModuleList(
  (0): Linear(in_features=7, out_features=1, bias=False)
)
Training reward model from scratch...
Total number of parameters: 7
Number of trainable paramters: 7
device: cuda:1
end of epoch 0: val_loss 0.005245795982627897, val_acc 1.0
trigger times: 0
saving model weights...
end of epoch 1: val_loss 0.007423258567869197, val_acc 1.0
trigger times: 1
end of epoch 2: val_loss 0.0031509362078577397, val_acc 1.0
trigger times: 0
saving model weights...
end of epoch 3: val_loss 0.0038087216846179215, val_acc 1.0
trigger times: 1
end of epoch 4: val_loss 0.00575102114220499, val_acc 1.0
trigger times: 2
end of epoch 5: val_loss 0.007252603577871924, val_acc 1.0
trigger times: 3
end of epoch 6: val_loss 0.010930293611131531, val_acc 0.995
trigger times: 4
end of epoch 7: val_loss 0.004274135761879734, val_acc 1.0
trigger times: 5
end of epoch 8: val_loss 0.003336578326129711, val_acc 1.0
trigger times: 6
end of epoch 9: val_loss 0.006627912801795901, val_acc 1.0
trigger times: 7
end of epoch 10: val_loss 0.005145934336633217, val_acc 1.0
trigger times: 8
end of epoch 11: val_loss 0.0045508951882038675, val_acc 1.0
trigger times: 9
end of epoch 12: val_loss 0.005866928679461125, val_acc 1.0
trigger times: 10
Early stopping.
0 -9.827709026634693 -54.98547503240923
1 -10.125816352665424 -50.492268601198035
2 -9.062921876087785 -50.03933801517046
3 -9.356306014582515 -49.75347184620696
4 -9.274434328079224 -49.72654640753777
5 -9.835026495158672 -46.98011874490918
6 -9.398671638220549 -45.7351542845057
7 -9.020394871011376 -45.670579884154705
8 -9.265691719949245 -44.99030608142343
9 -8.74728587269783 -44.14602409201361
10 -8.71778766438365 -43.81326882122305
11 -8.781152395997196 -43.18878399086166
12 -9.030945925042033 -42.29180714825394
13 -8.595497084781528 -42.00401746161006
14 -9.442912712693214 -41.6910044370425
15 -8.75959137454629 -41.68588229294918
16 -8.7546202018857 -41.281777102712205
17 -8.52734687551856 -40.44278203413966
18 -8.790688704699278 -40.34838365523108
19 -8.40580827742815 -39.599701153458774
20 -8.322359134443104 -39.57586365327889
21 -7.929590810090303 -39.31972693233231
22 -7.537471206858754 -39.024610555047154
23 -7.984892945736647 -38.45534493538269
24 -7.946889577433467 -38.41270390343083
25 -8.283495770767331 -38.35634328077039
26 -7.761475016362965 -37.79713616772368
27 -7.319140188395977 -37.741528994987384
28 -8.66596819460392 -37.66475323879293
29 -7.924044843763113 -37.513139380385574
30 -8.85244021192193 -37.1809993033689
31 -7.98087121732533 -37.100703136010694
32 -7.791668642312288 -37.00630588930485
33 -8.192166553810239 -36.821916772458344
34 -8.023896399885416 -36.48799015296732
35 -7.552650645375252 -36.20965269874363
36 -7.694166138302535 -36.19207561676116
37 -8.151941109448671 -36.114459029559086
38 -7.628288861364126 -35.78149902167743
39 -7.226282736286521 -35.394503873250635
40 -8.094589369371533 -35.26282499693737
41 -7.818738861009479 -35.24303541418371
42 -8.013550044037402 -35.209705244501436
43 -7.903568800538778 -35.0654408505187
44 -7.421607757452875 -34.80241747531743
45 -7.4529784973710775 -34.64469044638467
46 -7.0717537889722735 -33.84284985953318
47 -6.793816585093737 -32.70706485357069
48 -6.729444678872824 -31.969099402548657
49 -6.765842594206333 -31.7109134007892
50 -7.251343233510852 -31.64414355845032
51 -6.953055836260319 -31.392382758954444
52 -7.35489607276395 -31.223196019713853
53 -6.707233561202884 -31.12953085092458
54 -6.906349245458841 -29.39157139549552
55 -7.149146005511284 -29.340125609942326
56 -5.847923241555691 -29.106189988903285
57 -6.3607129864394665 -27.41102349748205
58 -6.43645852804184 -27.343722362182305
59 -6.567379076965153 -27.196681629483837
60 -6.33228447008878 -27.07399028854534
61 -5.821906553581357 -26.7047217556024
62 -6.146313667297363 -26.244794902859052
63 -6.200609993189573 -25.548365085275513
64 -5.718071073293686 -25.45878528601009
65 -6.079845712520182 -24.879106999799365
66 -5.837024576030672 -24.828695359328833
67 -6.093774578534067 -24.592745144504722
68 -5.904603814706206 -23.978745577896312
69 -5.751622220501304 -23.57262108435893
70 -5.308177966624498 -23.44970807952351
71 -5.676184441894293 -22.745309160183492
72 -5.506885463371873 -22.60679894414887
73 -5.4151179026812315 -22.19891031871716
74 -5.481174628715962 -20.656863763892378
75 -4.923827855847776 -20.444472560731253
76 -4.907099443022162 -20.19699010077007
77 -5.33687936887145 -20.13839114930498
78 -5.111258289311081 -19.63760343800059
79 -5.224923979490995 -19.515598718228343
80 -4.852294652722776 -18.92838809611677
81 -4.966686104424298 -17.994774057192853
82 -4.52022260427475 -17.55742370467821
83 -4.397713138721883 -16.823073927842348
84 -4.1344767266418785 -14.855082803515382
85 -3.95191662106663 -14.531424598833084
86 -3.8867341121658683 -14.442420089224363
87 -4.075330116786063 -13.596012850960644
88 -3.1422529430128634 -12.68135972540495
89 -3.8511055167764425 -12.66418205637357
90 -3.654343372792937 -12.30017947419658
91 -3.5858935033902526 -12.151904772081672
92 -3.490235918201506 -11.788852141676486
93 -3.4348077159374952 -10.869989101210326
94 -3.339008846960496 -10.327681503524177
95 -2.7756529953330755 -9.8572159761571
96 -2.6918393824016675 -8.330116995310416
97 -2.740882919402793 -8.133195842510668
98 -2.919346034526825 -8.108197691178031
99 -2.132482896093279 -7.57539849177145
100 -2.015844600275159 -7.362443126623615
101 -2.025453057140112 -7.108327355338034
102 -1.9660401507280767 -6.959063561385431
103 -2.072860266081989 -6.776946485018116
104 -1.9111352951731533 -6.7220638398623045
105 -2.141523350030184 -6.719970621583102
106 -2.767200713045895 -6.535447341844848
107 -2.3627916872501373 -6.51820418055673
108 -2.2963827666826546 -5.615796733870542
109 -1.8892069037538022 -5.34720210027791
110 -1.8305764945689589 -5.078485007852753
111 -1.8734774678014219 -5.027957977402961
112 -1.6876654189545661 -4.827572916892203
113 -1.785754187265411 -4.63049541560991
114 -1.7116692336276174 -4.230832004686763
115 -1.7561393837677315 -4.031048624093466
116 -1.6283964744070545 -3.3844671463622564
117 -1.6302140285260975 -3.3322555012187633
118 -1.7010578382760286 -2.6416623314910934
119 -1.345325406640768 -1.9136196540088464
train accuracy: 1.0
validation accuracy: 1.0
