demos: (120, 50, 8)
demo_rewards: (120,)
[-50.0022206  -48.82373914 -47.15605336 -46.19619105 -45.59422709
 -45.36842966 -45.19068756 -44.1649084  -44.07830313 -43.99355529
 -43.86306534 -43.84874807 -43.84199129 -43.80638567 -43.80581986
 -42.75947674 -42.66316469 -42.33177225 -41.77496339 -41.41006807
 -41.17786296 -40.72352042 -40.52718976 -40.49595848 -40.42938988
 -40.05653451 -39.59232358 -39.54162101 -39.19523747 -39.17238958
 -38.51095963 -38.44726577 -38.39210704 -38.0074535  -37.46482489
 -37.10988161 -34.27116724 -34.14139118 -33.26307273 -33.13344797
 -33.07825234 -33.03213148 -32.44934973 -32.40079781 -32.40063926
 -30.73440379 -30.57151372 -30.1312365  -29.99326723 -29.66908259
 -29.29723351 -29.28889042 -29.14587835 -28.49601894 -28.49202366
 -28.31596147 -27.12111057 -26.0645326  -25.52052428 -25.27101421
 -25.06664428 -24.92584938 -24.18810567 -23.48479966 -23.15394356
 -22.9547303  -22.74124885 -22.73927354 -22.26494505 -22.15569724
 -21.05592093 -20.54335656 -20.33499634 -20.18157658 -19.5814441
 -19.37722575 -19.24313562 -19.06062023 -18.96412452 -18.44896231
 -17.74072202 -16.8588937  -16.33811941 -14.53589256 -14.44367057
 -14.20041301 -13.93697618 -13.86225304 -13.48309853 -13.45589275
 -13.35586828 -12.27851524 -12.22738746 -12.02071783 -11.9100948
 -11.40028402 -11.13461816 -10.85916692  -9.59513796  -9.28992161
  -8.23087707  -7.88236324  -7.64789842  -7.45962324  -7.12435731
  -7.05379066  -6.8530911   -6.62113845  -6.49455522  -6.11735418
  -6.0870551   -5.43500832  -5.10529174  -4.62864941  -4.47103119
  -4.45550478  -4.28054982  -3.79447357  -2.95124385  -2.54161816]
maximum traj length 50
num training_obs 1800
num training_labels 1800
num val_obs 200
num val_labels 200
ModuleList(
  (0): Linear(in_features=8, out_features=1, bias=False)
)
Total number of parameters: 8
Number of trainable paramters: 8
device: cuda:0
end of epoch 0: val_loss 0.0041088601943298645, val_acc 1.0
trigger times: 0
saving model weights...
Weights: OrderedDict([('fcs.0.weight', tensor([[-1.6131e-02, -8.3744e-03,  2.0072e-03,  2.0660e-03, -1.1021e-01,
          6.2526e-04,  1.8886e-03, -1.8352e+00]], device='cuda:0'))])
end of epoch 1: val_loss 0.014880520809396494, val_acc 0.995
trigger times: 1
end of epoch 2: val_loss 0.24419219185359212, val_acc 0.935
trigger times: 2
end of epoch 3: val_loss 0.0858454800715414, val_acc 0.99
trigger times: 3
end of epoch 4: val_loss 0.23785881846783255, val_acc 0.97
trigger times: 4
end of epoch 5: val_loss 0.009296332759725629, val_acc 0.995
trigger times: 5
end of epoch 6: val_loss 0.16341323778215686, val_acc 0.965
trigger times: 6
end of epoch 7: val_loss 0.1804209597814345, val_acc 0.955
trigger times: 7
end of epoch 8: val_loss 0.027970602845304136, val_acc 0.995
trigger times: 8
end of epoch 9: val_loss 0.026351605178802445, val_acc 0.975
trigger times: 9
end of epoch 10: val_loss 0.13571593778259816, val_acc 0.965
trigger times: 10
Early stopping.
0 -19.514914851635695 -50.00222059884506
1 -25.966353058815002 -48.823739140882175
2 -29.411652386188507 -47.15605336419176
3 -26.494591385126114 -46.19619104961985
4 -22.198602445423603 -45.594227093057754
5 -30.540157288312912 -45.36842966452394
6 -26.149207457900047 -45.19068756322445
7 -20.565919682383537 -44.16490839583478
8 -24.80269354581833 -44.078303125872196
9 -36.04547131061554 -43.993555290419714
10 -12.285623997449875 -43.86306534422809
11 -26.248219519853592 -43.84874807044028
12 -16.112872682511806 -43.84199129025074
13 -12.364700771868229 -43.806385671938365
14 -12.928596217185259 -43.80581985978556
15 -7.572607513517141 -42.7594767358323
16 -22.310018330812454 -42.66316468983175
17 -11.980667548719794 -42.33177224591743
18 -19.51178902387619 -41.774963389485094
19 -15.879716113209724 -41.410068073767725
20 -6.370010109618306 -41.17786296442943
21 -15.415426164399832 -40.723520424948155
22 -27.619005173444748 -40.527189756101116
23 -25.453195601701736 -40.49595848244517
24 -24.70804390311241 -40.429389880911344
25 -12.119385931640863 -40.05653450521898
26 -16.398890241980553 -39.59232357792555
27 -34.99418020248413 -39.54162101198148
28 -27.97134229540825 -39.195237471709476
29 -17.153881907463074 -39.172389579378766
30 -22.168879628181458 -38.51095963496708
31 -22.731428833678365 -38.447265769744824
32 -28.20744490623474 -38.392107037026264
33 -6.446908269077539 -38.00745349944469
34 -12.69432108104229 -37.46482488602393
35 -15.939148753881454 -37.10988160586883
36 -23.417330145835876 -34.27116723637227
37 -4.537947230041027 -34.14139118114101
38 -7.61669534817338 -33.263072731706835
39 -13.361435290426016 -33.13344797200536
40 -19.8668120354414 -33.07825234291984
41 -14.953277833759785 -33.0321314765637
42 -21.920624241232872 -32.44934973065406
43 -17.331423461437225 -32.4007978120153
44 -12.646007731556892 -32.40063925734975
45 -4.8415370881557465 -30.734403792103194
46 -10.797314909286797 -30.57151371770873
47 -10.534810371696949 -30.131236504472803
48 -19.19473673403263 -29.99326722619033
49 -5.996906829997897 -29.66908258985071
50 -17.845226883888245 -29.297233511513635
51 -7.425010798498988 -29.288890423975797
52 -7.358188688755035 -29.145878352769948
53 -15.60534193739295 -28.49601894351319
54 -8.087004236411303 -28.492023661124072
55 -23.328011766076088 -28.315961465855167
56 -10.214406851679087 -27.121110566589827
57 -4.68901389837265 -26.064532595535336
58 -8.553395736962557 -25.520524278341334
59 -16.93751827534288 -25.27101421179229
60 -7.520841099321842 -25.066644278800943
61 -16.024194806814194 -24.925849381327673
62 -15.320781648159027 -24.188105669766596
63 -14.888654924929142 -23.48479966198816
64 -0.8131226189434528 -23.153943559703283
65 -15.16943946108222 -22.954730295117237
66 -6.5374391078948975 -22.74124885266394
67 -5.504141036421061 -22.739273544503753
68 -3.013054033741355 -22.264945050603636
69 -7.46272911131382 -22.15569724300287
70 -11.725108459591866 -21.055920928583344
71 -2.9978291392326355 -20.543356562348553
72 -5.071379087865353 -20.33499633836848
73 -3.518638163805008 -20.18157658281111
74 -4.511913135647774 -19.58144410477429
75 -4.27727061137557 -19.377225745334304
76 -14.196112543344498 -19.243135617403095
77 -3.7864983715116978 -19.060620225371707
78 -9.705976389348507 -18.964124524696246
79 -7.140957232564688 -18.448962308005108
80 -5.56848831474781 -17.740722019993825
81 -5.028371335938573 -16.85889369985028
82 -3.3397145457565784 -16.3381194095591
83 -1.4133094027638435 -14.535892564189266
84 -3.5809409581124783 -14.443670567499144
85 -2.227060455828905 -14.200413010108107
86 -6.117455623112619 -13.936976181618805
87 -12.246765747666359 -13.862253042167257
88 -4.297094412147999 -13.483098530680483
89 -2.78115663677454 -13.455892754889845
90 -3.409583244472742 -13.355868275096913
91 -1.4079563319683075 -12.278515244993585
92 -0.8461708575487137 -12.227387460046547
93 -2.3776961229741573 -12.020717825467683
94 -4.266633749008179 -11.910094799877324
95 -10.004712328314781 -11.400284019256157
96 -0.5308884605765343 -11.134618158086587
97 -8.482507832348347 -10.859166921158222
98 -3.2488201707601547 -9.595137958067907
99 -2.5037085749208927 -9.289921608799773
100 -12.100398009642959 -8.230877068641124
101 -2.096797786653042 -7.882363241796725
102 -2.730446480214596 -7.6478984168416355
103 -1.8040582314133644 -7.459623237418707
104 -1.8393195942044258 -7.124357312750265
105 -15.688556835055351 -7.05379065585803
106 -0.5259141474962234 -6.853091098326624
107 -0.8544014617800713 -6.6211384471641495
108 -16.117832094430923 -6.494555224953677
109 0.0770634189248085 -6.117354180737655
110 -11.674467504024506 -6.087055095509873
111 -4.788923988118768 -5.43500831968483
112 -0.3270793706178665 -5.105291741614599
113 -1.5150546841323376 -4.628649413275992
114 0.19892548397183418 -4.471031187897325
115 -1.1933055222034454 -4.455504779070034
116 -6.958212628960609 -4.2805498188182405
117 -6.785120010375977 -3.7944735717969627
118 0.30168477445840836 -2.9512438456190186
119 -0.2391257807612419 -2.541618164765197
train accuracy: 0.9505555555555556
validation accuracy: 0.965
