demos: (120, 50, 8)
demo_rewards: (120,)
[-50.0022206  -48.82373914 -47.15605336 -46.19619105 -45.59422709
 -45.36842966 -45.19068756 -44.1649084  -44.07830313 -43.99355529
 -43.86306534 -43.84874807 -43.84199129 -43.80638567 -43.80581986
 -42.75947674 -42.66316469 -42.33177225 -41.77496339 -41.41006807
 -41.17786296 -40.72352042 -40.52718976 -40.49595848 -40.42938988
 -40.05653451 -39.59232358 -39.54162101 -39.19523747 -39.17238958
 -38.51095963 -38.44726577 -38.39210704 -38.0074535  -37.46482489
 -37.10988161 -34.27116724 -34.14139118 -33.26307273 -33.13344797
 -33.07825234 -33.03213148 -32.44934973 -32.40079781 -32.40063926
 -30.73440379 -30.57151372 -30.1312365  -29.99326723 -29.66908259
 -29.29723351 -29.28889042 -29.14587835 -28.49601894 -28.49202366
 -28.31596147 -27.12111057 -26.0645326  -25.52052428 -25.27101421
 -25.06664428 -24.92584938 -24.18810567 -23.48479966 -23.15394356
 -22.9547303  -22.74124885 -22.73927354 -22.26494505 -22.15569724
 -21.05592093 -20.54335656 -20.33499634 -20.18157658 -19.5814441
 -19.37722575 -19.24313562 -19.06062023 -18.96412452 -18.44896231
 -17.74072202 -16.8588937  -16.33811941 -14.53589256 -14.44367057
 -14.20041301 -13.93697618 -13.86225304 -13.48309853 -13.45589275
 -13.35586828 -12.27851524 -12.22738746 -12.02071783 -11.9100948
 -11.40028402 -11.13461816 -10.85916692  -9.59513796  -9.28992161
  -8.23087707  -7.88236324  -7.64789842  -7.45962324  -7.12435731
  -7.05379066  -6.8530911   -6.62113845  -6.49455522  -6.11735418
  -6.0870551   -5.43500832  -5.10529174  -4.62864941  -4.47103119
  -4.45550478  -4.28054982  -3.79447357  -2.95124385  -2.54161816]
maximum traj length 50
num training_obs 1800
num training_labels 1800
num val_obs 200
num val_labels 200
ModuleList(
  (0): Linear(in_features=8, out_features=1, bias=False)
)
Total number of parameters: 8
Number of trainable paramters: 8
device: cuda:0
end of epoch 0: val_loss 0.005285373771662733, val_acc 1.0
trigger times: 0
saving model weights...
Weights: OrderedDict([('fcs.0.weight', tensor([[-1.2941e-02,  1.7673e-02, -8.7087e-03,  2.5563e-02, -6.9343e-02,
         -4.9527e-03,  1.4454e-03, -1.5122e+00]], device='cuda:0'))])
end of epoch 1: val_loss 0.002067240552051182, val_acc 1.0
trigger times: 0
saving model weights...
Weights: OrderedDict([('fcs.0.weight', tensor([[ 2.7837e-04, -3.3187e-02, -2.2260e-03,  5.9368e-04, -1.9009e-01,
          2.8290e-04,  1.5163e-03, -2.2924e+00]], device='cuda:0'))])
end of epoch 2: val_loss 0.0012755146602930268, val_acc 1.0
trigger times: 0
saving model weights...
Weights: OrderedDict([('fcs.0.weight', tensor([[ 0.0033, -0.0205,  0.0661, -0.0533, -0.2282,  0.0235,  0.0035, -2.9144]],
       device='cuda:0'))])
end of epoch 3: val_loss 0.008971967621120349, val_acc 0.995
trigger times: 1
end of epoch 4: val_loss 0.028891337185255744, val_acc 0.985
trigger times: 2
end of epoch 5: val_loss 0.04624241145214878, val_acc 0.99
trigger times: 3
end of epoch 6: val_loss 1.5358123865092772, val_acc 0.845
trigger times: 4
end of epoch 7: val_loss 0.3935604986043563, val_acc 0.915
trigger times: 5
end of epoch 8: val_loss 0.5984006554202392, val_acc 0.92
trigger times: 6
end of epoch 9: val_loss 0.03532281297373466, val_acc 0.99
trigger times: 7
end of epoch 10: val_loss 0.039827852681879286, val_acc 0.99
trigger times: 8
end of epoch 11: val_loss 0.007118995794421252, val_acc 1.0
trigger times: 9
end of epoch 12: val_loss 0.042804348456323, val_acc 0.99
trigger times: 10
Early stopping.
0 -33.35998935997486 -50.00222059884506
1 -21.614259719848633 -48.823739140882175
2 -15.43350443430245 -47.15605336419176
3 -20.115558579564095 -46.19619104961985
4 -30.99628821015358 -45.594227093057754
5 -24.57640329003334 -45.36842966452394
6 -31.590105324983597 -45.19068756322445
7 -19.11518193781376 -44.16490839583478
8 -12.773643262684345 -44.078303125872196
9 -16.37953095883131 -43.993555290419714
10 -14.20833646133542 -43.86306534422809
11 -27.344843342900276 -43.84874807044028
12 -27.608896538615227 -43.84199129025074
13 -12.747866675257683 -43.806385671938365
14 -10.926164031028748 -43.80581985978556
15 -23.03901693224907 -42.7594767358323
16 -9.046878042630851 -42.66316468983175
17 -34.33769506216049 -42.33177224591743
18 -17.995351135730743 -41.774963389485094
19 -27.969100207090378 -41.410068073767725
20 -36.167494758963585 -41.17786296442943
21 -23.4155235812068 -40.723520424948155
22 -20.69034982472658 -40.527189756101116
23 -24.134923934936523 -40.49595848244517
24 -23.745054595172405 -40.429389880911344
25 -30.05168327689171 -40.05653450521898
26 -24.623095996677876 -39.59232357792555
27 -29.135953068733215 -39.54162101198148
28 -20.86688033118844 -39.195237471709476
29 -23.40938700735569 -39.172389579378766
30 -21.016843289136887 -38.51095963496708
31 -15.293310391716659 -38.447265769744824
32 -21.296242125332355 -38.392107037026264
33 -20.775075659155846 -38.00745349944469
34 -10.452562876045704 -37.46482488602393
35 -22.903970524668694 -37.10988160586883
36 -22.08370630443096 -34.27116723637227
37 -18.73925158381462 -34.14139118114101
38 -15.011982310563326 -33.263072731706835
39 -23.02114722505212 -33.13344797200536
40 -17.361273735761642 -33.07825234291984
41 -16.736786991357803 -33.0321314765637
42 -31.609562054276466 -32.44934973065406
43 -15.61453004181385 -32.4007978120153
44 -18.992304176092148 -32.40063925734975
45 -6.181980639696121 -30.734403792103194
46 -12.625436130911112 -30.57151371770873
47 -20.148866087198257 -30.131236504472803
48 -16.42219477891922 -29.99326722619033
49 -19.786153689026833 -29.66908258985071
50 -19.375935927033424 -29.297233511513635
51 -18.084914222359657 -29.288890423975797
52 -9.315632350742817 -29.145878352769948
53 -10.926970168948174 -28.49601894351319
54 -15.758912831544876 -28.492023661124072
55 -19.752651676535606 -28.315961465855167
56 -8.861886398866773 -27.121110566589827
57 -4.948436491191387 -26.064532595535336
58 -18.808523029088974 -25.520524278341334
59 -13.97209670394659 -25.27101421179229
60 -11.553253691643476 -25.066644278800943
61 -12.118338560685515 -24.925849381327673
62 -14.452502969652414 -24.188105669766596
63 -10.787131622433662 -23.48479966198816
64 -3.1364840790629387 -23.153943559703283
65 -11.998145408928394 -22.954730295117237
66 -7.254407085478306 -22.74124885266394
67 -6.4297682121396065 -22.739273544503753
68 -3.9080983474850655 -22.264945050603636
69 -13.989147488027811 -22.15569724300287
70 -7.693951454013586 -21.055920928583344
71 -6.496305052191019 -20.543356562348553
72 -8.920930661261082 -20.33499633836848
73 -5.601531274616718 -20.18157658281111
74 -12.406217273324728 -19.58144410477429
75 -8.456796415150166 -19.377225745334304
76 -9.606120020151138 -19.243135617403095
77 -5.033471185714006 -19.060620225371707
78 -11.117901641875505 -18.964124524696246
79 -16.293417878448963 -18.448962308005108
80 -11.287298735231161 -17.740722019993825
81 -3.028969943523407 -16.85889369985028
82 -7.679723201319575 -16.3381194095591
83 -4.0053810477256775 -14.535892564189266
84 -6.214892201125622 -14.443670567499144
85 -6.3378392811864614 -14.200413010108107
86 -16.086947686970234 -13.936976181618805
87 -8.426387384533882 -13.862253042167257
88 -4.405297353863716 -13.483098530680483
89 -8.048141483217478 -13.455892754889845
90 -4.495668347924948 -13.355868275096913
91 -4.605671301484108 -12.278515244993585
92 -0.45275792479515076 -12.227387460046547
93 -1.7351846769452095 -12.020717825467683
94 -8.29271924495697 -11.910094799877324
95 -7.043012350797653 -11.400284019256157
96 -2.194526754319668 -11.134618158086587
97 -5.291169420816004 -10.859166921158222
98 -2.1783822998404503 -9.595137958067907
99 -6.799421325325966 -9.289921608799773
100 -7.519025833695196 -8.230877068641124
101 -7.02948871999979 -7.882363241796725
102 -8.021861605346203 -7.6478984168416355
103 -6.212067745625973 -7.459623237418707
104 -7.785276390612125 -7.124357312750265
105 -12.17672498524189 -7.05379065585803
106 -3.416909620165825 -6.853091098326624
107 -4.615253198891878 -6.6211384471641495
108 -12.598425075411797 -6.494555224953677
109 -1.8993217572569847 -6.117354180737655
110 -9.601070120930672 -6.087055095509873
111 -4.389894703403115 -5.43500831968483
112 -5.940004426985979 -5.105291741614599
113 -3.8681369945406914 -4.628649413275992
114 -2.7750456109642982 -4.471031187897325
115 0.04429379850625992 -4.455504779070034
116 -4.925690073519945 -4.2805498188182405
117 -4.536214932799339 -3.7944735717969627
118 2.0121855214238167 -2.9512438456190186
119 1.3580097779631615 -2.541618164765197
train accuracy: 0.9838888888888889
validation accuracy: 0.99
